299602652264687616
299602927142594560
299616121282127872
299617495671662592
301771988756621312
301903655274047488
301914650390325248
301915200146139136
307484231976642560
307486430999898112
307497426116175872
307498250749896704
307501824162686976
308548008738318336
308549108249946112
308558728976689152
308562027511572480
309625530083207168
309641747879716864
309787158292490240
309796229263419392
310815751403497472
310816576037218304
310817125793032192
310818500182566912
310819874572101632
310826746519775232
310827296275589120
310834717979076608
310868253083723776
310869352595351552
311963916404025344
311976011031930880
311985082002860032
313007627682473984
313020546944100352
313164857845245952
314223688952080384
314224238707894272
314224513585801216
315253375350368256
315253650228275200
315255849251530752
316448269645408256
320969741638330368
320970016516237312
320971665783678976
320981561388328960
325547834185115648
325550033208371200
325550857842092032
325554156376975360
326605563548952576
326648719380342784
326659989374527488
326660539130341376
326662188397783040
326674008147781632
341175186659239936
341182058606913536
341183982752262144
342358810825877504
343516596637034496
343517971026569216
343519895171917824
343539411503310848
343559202712610816
343563051003308032
344614734277928960
344688126679083008
344688951312803840
344690050824431616
344692524725594112
345746681934931968
345818425068644352
345818974824458240
345819799458179072
346783246505240576
346785995284310016
346786545040123904
346787094795937792
346809085028493312
346809909662214144
346931130819176448
346937453011036160
346939377156384768
346940476668012544
347956980737927168
347965501953042432
347965776830949376
347986667551877120
347987492185597952
347996838034434048
347998762179782656
348000411447224320
348024050947221504
349090577159055360
349091401792776192
349091676670683136
349101297397426176
349149675909048320
354754980701300736
354755255579207680
367192393302173696
367193217935894528
367193767691708416
367195691837057024
367196241592870912
385088582836054016
385206505458132992
385208979359295488
385209254237202432
385222723254642688
408841887286323200
408848759233996800
486543547625924608
486547121038714880
486547670794528768
486553992986388480
487680442464495616
488674126299424768
488675500688959488
488676325322680320
488729101880813568
488730201392441344
488732400415696896
488732950171510784
488739822119184384
488743395531974656
488746968944764928
488751641869182976
489793703964076032
492032859293378560
492041105630586880
492043304653842432
492045228799191040
494435292216846336
494435841972660224
496593908269082624
496595282658617344
496595832414431232
496596107292338176
499938622892435456
500037578938935296
500038678450563072
500051597712189440
500065341607536640
500066990874978304
500071114043582464
500074137700558848
500074962334279680
500075512090093568
502209939305949184
502212138329204736
502229455637342208
502231104904783872
502233303928039424
502237152218736640
502245398555944960
502247872457107456
502248697090828288
502258867573385216
502260791718733824
502297900236171264
502298449991985152
502298999747799040
502299274625705984
502299549503612928
502318790957099008
503368549314619392
503368824192526336
503369373948340224
503370198582061056
503422150506473472
504415559648045056
504416659159672832
504419682816649216
504466412060829696
504469985473619968
504473009130596352
504482080101525504
504494724485244928
504504070334081024
504507093991057408
505541734432794624
505552179793258496
505557127595583488
505604406595577856
505605780985112576
505612927810693120
505623373171156992
505654709252548608
525968461470394368
525971210249463808
526952799439710208
526970391625754624
526973690160637952
526973965038544896
526975064550172672
526976164061800448
527027291352492032
527027841108305920
528110035444721664
528110310322628608
528111684712163328
528111959590070272
532573228288206848
532574327799834624
532575427311462400
532590820474251264
543902596016924672
549484541505464320
549486465650812928
549487015406626816
549487840040347648
549488664674068480
551806710314985472
551808909338241024
551809733971961856
551811932995217408
560770204905269248
560771304416897024
560772678806431744
560785323190151168
560807313422706688
560822981463402496
560823806097123328
560834526335494144
564241092447332352
564244940738029568
564245490493843456
571992651620968448
572012717708175360
572013267463989248
572015741365151744
572017115754686464
572017390632593408
572019039900035072
572023987702360064
572028385748871168
572031409405847552
572040755254683648
573227678191085568
573238673307363328
573239772818991104
573249118667827200
573251317691082752
574301076535142400
574302176046770176
575447596563195904
575480307034122240
590132663646447616
590139535594121216
590141184861562880
591186275160057856
591189023939127296
594476559125997568
594585685655054336
594596955649239040
594597780282959872
594618945881794560
594619220759701504
594622519294584832
594633239532955648
595637093699446784
595653586373863424
595671728315721728
596744851681208320
596745401437022208
596759145332369408
596829239198640128
596830613588174848
596839684559104000
598979608511014912
598979883388921856
598980158266828800
598983731679619072
600172578643929088
600183573760206848
600228653736945664
600229478370666496
600248170068338688
600252293236942848
601233332537157632
603484857925920768
603628344193345536
605763320980465664
605765520003721216
605766069759535104
606934025784813568
608017044385851392
608026665112594432
608118749211420672
608127820182349824
608128095060256768
608128919693977600
608135241885837312
608139639932348416
608148436025370624
608150635048626176
608150909926533120
611534932191242240
611535481947056128
611536306580776960
612512126237435904
612523121353713664
612524495743248384
612565177673476096
612572874254870528
612576997423474688
613665239073843200
613665513951750144
613666338585470976
613667438097098752
613670461754075136
613721589044766720
613722963434301440
613734508306393088
613735058062206976
618241402760882176
619309852816074752
619310952327702528
619321122810259456
619343662798628864
621507227357833216
621515198817134592
621562202939222016
621590790241544192
621595463165962240
621605908526426112
622648795422812160
622658416149555200
622659790539089920
622686178818156544
622688102963505152
622768642190239744
622770566335588352
622771116091402240
626022371840518144
629467147222935552
635024352324118528
635028475492722688
635035622318303232
635036721829931008
635036996707837952
635037546463651840
641878983394224128
641880907539572736
641891078022129664
641891902655850496
642895757107554304
644087902640302080
644091476053092352
644091750930999296
645200059255777280
649755061756389376
649756985901737984
649766331750574080
649767981018015744
650941984088811520
650943633356253184
650944732867880960
651930994781218816
651933193804474368
651934293316102144
651955733792843776
652002463037024256
652005761571907584
653028307889055744
653029682278590464
653148704412297216
653150078801831936
653151178313459712
653154476848343040
653194609022756864
653196808046012416
654155581984106496
654157506129455104
654160529786431488
654163003687593984
654163553443407872
654164652955035648
654167126856198144
654167676612012032
654168226367825920
654168501245732864
654169325879453696
654169875635267584
654176472705034240
654178396850382848
654219903414331392
654231448286423040
654231998042236928
654246566571304960
656457129649006592
657686933304010752
657696279152846848
657697378664474624
658683365347584000
658694635341768704
658754833603389440
658757307504551936
659791398123366400
659793872024528896
659800743972202496
659875785640798208
659887055634982912
659887330512889856
660976396830533632
660979970243323904
662030828800337920
662034127335221248
662051719521265664
662063264393357312
662064089027078144
662066562928240640
662067387561961472
662085529503819776
662087178771261440
662142978986371072
662143803620091904
662155898247997440
662156173125904384
662162220439857152
662162770195671040
662173765311948800
662175139701483520
662200153591015424
662202627492177920
663159752531929088
663166899357509632
663169373258672128
663170472770299904
663170747648206848
663171572281927680
663181742764484608
663238092735408128
663239742002849792
663242215904012288
663242765659826176
663252936142383104
663260907601684480
664404674606032896
664427214594402304
664437110199052288
664446730925795328
664447830437423104
664448929949050880
664449754582771712
664450304338585600
665464053472192512
665470375664052224
665471750053586944
665472299809400832
665479171757074432
665483020047771648
665530573925672960
665535246850091008
665558886350088192
667726848469264384
667759009184376832
667759833818097664
667760108696004608
667762582597167104
667762857475074048
669938241180297216
669949511174481920
669951160441923584
669957757511690240
671074867147204608
671081189339064320
671081739094878208
671082013972785152
671082563728599040
671086961775110144
671100430792550400
671100705670457344
671155956129753088
673449811357231104
673461631107229696
674519361309927424
674520460821555200
675544106147014656
675544655902828544
675545205658642432
675553726873757696
676727180641724416
676728005275445248
676730754054514688
676731578688235520
676740374781257728
682318472968955904
682319572480583680
682320671992211456
682322321259653120
682322871015467008
683519964350539776
685811620974192640
685824815113725952
685841857543956480
685842132421863424
689130217582651392
696989801190025216
696990625823746048
696992549969094656
697001895817930752
700357330394441728
700365026975836160
700366126487463936
700368600388626432
700380420138625024
703812822089361408
704816399851218944
704827120089589760
705980234368837632
705995077775812608
706012120206043136
708274363819911168
708276287965259776
708278761866422272
708284809180375040
708285358936188928
709412358337882112
709412908093696000
709413182971602944
709415656872765440
710444250487089152
710445899754530816
710447549021972480
711730678957369344
712739481010071552
712741405155420160
712744153934489600
852413194533103616
853472299360217088
853474773261379584
853478071796262912
853478621552076800
853481370331146240
853547890784626688
853548715418347520
853551464197416960
853573179552065536
858035272263165952
858036371774793728
858039945187584000
858040220065490944
861426441370232832
861468222812088320
861471246469064704
862513858252662784
862537222874753024
865906164804642816
865906714560456704
865920458455803904
868092782315595776
868094156705130496
868094431583037440
868094981338851328
869212360114464768
869212634992371712
869224729620277248
880504893364791296
880505992876419072
881675598454351872
881678622111328256
881684944303187968
881719853797369856
881720128675276800
881720953308997632
881722602576439296
883980724816865280
883982648962213888
885046151248635904
885056871487006720
885064293190494208
886107454864123904
886108829253658624
886109928765286400
886110753399007232
887347704282245120
887349903305500672
887350178183407616
887350453061314560
887351002817128448
887356225497360384
889517867085621248
889518691719342080
889520890742597632
889531336103061504
891784783707793408
891785058585700352
891796603457792000
891798527603140608
891800176870582272
891800726626396160
891874943661271040
891878517074061312
891883189998479360
914239285031364608
914245057467410432
914245607223224320
914254403316246528
914259625996478464
914272545258104832
914402837385996288
914403662019717120
914405586165065728
914406685676693504
915392123006642176
915410814704314368
915485031739189248
915487780518258688
915491903686862848
917629629504710656
917740405301209088
917742879202371584
917745353103534080
918842940669847552
918850087495428096
918852011640776704
918872352605890560
918886371379144704
919860538714908672
919868510174210048
919870159441651712
919871258953279488
919872633342814208
919873732854441984
919874007732348928
919876481633511424
919883628459091968
919923210877691904
919923485755598848
919933656238155776
919936954773039104
920029588627679232
920030413261400064
921081546612434944
921091167339177984
921102437333362688
921148341943822336
921149441455450112
921149716333357056
933465619293038592
933472766118619136
933477988798851072
933478813432571904
933481012455827456
933481562211641344
933482936601176064
933486235136059392
933491457816291328
933493107083732992
933541760473262080
933542035351169024
933543959496517632
934531870643742720
934533519911184384
934534344544905216
936778997851777024
936780372241311744
936790267845961728
936798239305263104
936900768764553216
936901593398274048
936912313636644864
939037119924430848
939037669680244736
939050863819778048
939052238209312768
939061309180241920
939124805976745984
939125355732559872
939145146941859840
939158341081393152
940164119510673408
940177588528113664
940178962917648384
940179787551369216
940181711696717824
940182261452531712
940184460475787264
940191332423460864
940214147289737216
940224042894387200
940224867528108032
941318607558699008
941320806581954560
946984665837758464
946986315105200128
946993461930780672
946993736808687616
955900606701135872
955901156456949760
955902805724391424
955904454991833088
955913525962762240
955914075718576128
958190613486921728
958193362265991168
958193912021805056
958204357382268928
960564733935642624
960565283691456512
960568032470525952
961533403662936064
961534503174563840
961612293622228992
961615317279205376
961627686785017856
962725824056813568
966133759357249536
966134034235156480
966137607647946752
966155474711898112
967183518100645888
967226124176222208
967230247344826368
972921319580526592
972932589574711296
973981523717941248
973983172985382912
979633013518264320
979634113029892096
979643184000821248
979646482535704576
981788331421493248
981802075316840448
981817468479629312
981827089206372352
982956018390558720
982957392780093440
982958767169628160
982964539605673984
984114073375369216
984115447764903936
990871672326219776
990871947204126720
990872496959940608
990873871349475328
995307102350108672
995307377228015616
995309576251271168
995442342280325120
995443166914045952
995443716669859840
1003298356384000000
1003299730773534720
1003321171250276352
1003322270761904128
1007744506478487552
1007746155745929216
1007786837676156928
1007788212065691648
1007796733280806912
1007797008158713856
1007799482059876352
1007800856449411072
1007810477176154112
1011209342914947072
1011211541938202624
1012255253585750016
1022324851806857216
1023501054471333888
1023504353006217216
1023504902762031104
1023506277151565824
1029182786545674240
1029194606295672832
1029215771894507520
1035844722297432064
1035846646442780672
1035847471076501504
1035848020832315392
1035849120343943168
1038135280147654656
1038138028926724096
1038139128438351872
1038140227949979648
1038152322577885184
1038213895229040640
1038216918886017024
1038218018397644800
1038218293275551744
1038219667665086464
1038220492298807296
1045999814543697920
1046000089421604864
1046001188933232640
1046006686491371520
1046007786002999296
1046008610636720128
1046013558439045120
1046024003799508992
1046065785241364480
1056106252679014400
1056109551213897728
1056110100969711616
1056110650725525504
1056117522673199104
1056117797551106048
1058379767209814016
1058382790866790400
1058383340622604288
1058406155488880640
1059584007974447104
1059595827724445696
1059596927236073472
1059620291858163712
1059623040637233152
1063976006215297024
1063976281093203968
1063980129383901184
1063993873279248384
1073141805979035648
1073142080856942592
1074136589023602688
1074202284843362304
1074202834599176192
1075317464578942976
1075320488235919360
1075320763113826304
1075321037991733248
1075358696264984576
1075379861863819264
1075380961375447040
1075382885520795648
1076415876560873472
1076416151438780416
1076416976072501248
1076418350462035968
1076418900217849856
1078711382112757760
1078715505281361920
1078716329915082752
1078727050153453568
1078729249176709120
1084347207747921920
1084348307259549696
1084350506282805248
1084351056038619136
1087629799695869952
1087630349451683840
1087637496277264384
1087638870666799104
1087652339684239360
1088798580455532544
1088808201182275584
1088818646542739456
1088819471176460288
1088825518490413056
1088829916536924160
1093376122374088704
1093381619932227584
1093382719443855360
1093404159920596992
1096636720465602560
1096668881180715008
1096674928494667776
1096768661860935680
1097879168336553984
1097883016627251200
1098937998067656704
1098949817817655296
1101163410072037376
1101164234705758208
1101165059339479040
1101165883973199872
1101190622984824832
1124917812305881088
1124919461573322752
1124920561084950528
1127181707317897216
1128191608345356288
1128199579804657664
1128200679316285440
1129364237412493312
1129364787168307200
1139534445225732096
1139554236435032064
1139558909359450112
1140652374646351872
1140655948059142144
1141796691372959744
1141802188931098624
1141815108192724992
1141822529896212480
1142893729552558080
1142921492221159424
1147413821401360384
1147416845058336768
1147417394814150656
1147436361389729792
1147436636267636736
1147438010657171456
1147439659924613120
1147440209680427008
1168857870985357312
1168859520252798976
1169822693009156096
1169822967887063040
1169823517642876928
1169836986660317184
1169903781991704576
1169905706137053184
1169916426375424000
1169952710259140608
1169953809770768384
1169956008794023936
1169956833427744768
1169965904398673920
1170948043411843072
1170957664138586112
1170959588283934720
1171020336301369344
1171020611179276288
1171088506022291456
1172076692131309568
1172089611392935936
1172104179922003968
1172142937706883072
1172146785997580288
1172155856968509440
1172159705259206656
1173274884944455680
1180106700628191232
1180115496721213440
1180116871110748160
1181082517449500672
1181093512565778432
1181168279356467200
1181225179083204608
1182290880225110016
1182292254614644736
1182366746527426560
1183431344416385024
1183442339532662784
1183443164166383616
1183447287334987776
1184510789923399680
1184522059917584384
1184523709185026048
1184532505278048256
1184560542824556544
1184561367458277376
1184569064039671808
1184570438429206528
1184584457202460672
1184585556714088448
1184587755737344000
1184599575487342592
1184600674998970368
1185581989160314880
1185721627137042432
1185732897131227136
1185733172009134080
1185734546398668800
1185736745421924352
1186819765180590080
1186821964203845632
1187991298930403328
1187993497953658880
1187993772831565824
1187994322587379712
1190183721106434048
1190184545740154880
1190186195007596544
1190194166466897920
1190207635484338176
1304921060465993728
1304923534367156224
1304932880215992320
1304933155093899264
1305074992093882368
1305076366483417088
1305083513308997632
1305086536965974016
1307201997908240384
1307202822541961216
1307211343757076480
1308397991094151168
1308402114262755328
1308413934012753920
1309552203442186240
1309556326610790400
1309557701000325120
1309558525634045952
1312822152398923776
1312826275567527936
1315157514760775680
1315167135487518720
1315167685243332608
1315169884266588160
1315172083289843712
1316180885577426944
1316181710211147776
1316181985089054720
1316222117263468544
1316223491653003264
1316224316286724096
1316227889699514368
1316229813844862976
1316230638478583808
1316277092844857344
1316288362839042048
1316289187472762880
1316290836740204544
1316326845746014208
1316327120623921152
1316327670379735040
1316328220135548928
1316328495013455872
1316329044769269760
1316349935490197504
1316350760123918336
1316351584757639168
1317332898935760896
1317333448691574784
1317333723569481728
1317354889168316416
1317355713802037248
1317399694267148288
1317409314993891328
1318452201722505216
1318452751478319104
1318453301234132992
1318463196838782976
1318466220495759360
1318525869001566208
1319567931247454208
1319577551974197248
1320768873342986240
1320769148220893184
1321905768231888896
1321920336760956928
1321924459929561088
1321926933830723584
1321928857976072192
1321930507243513856
1321937104313280512
1321937379191187456
1321953871865604096
1334280769253697536
1334298086561835008
1334311005823461376
1334319527038576640
1334320076794390528
1334321451183925248
1334328048253691904
1348829507565414400
1348832806100297728
1348855895844481024
1348857819989829632
1348891629972383744
1348892179728197632
1350035397513603072
1350035947269416960
1350093946507782144
1351157998298359808
1351158822932080640
1351161846589057024
1356732247406831616
1356732522284738560
1356733072040552448
1356733621796366336
1356742692767295488
1365882937995716608
1366899157574379520
1366900531963914240
1366910152690657280
1366914000981354496
1366942038527862784
1367971731066611712
1367980527159633920
1367980802037540864
1367983001060796416
1368122913915430912
1371517655797753856
1371518205553567744
1371518755309381632
1371521504088451072
1373682044671911936
1373683419061446656
1373684518573074432
1373685618084702208
1373696888078886912
1373711456607954944
1373711731485861888
1373713105875396608
1373713380753303552
1373724100991674368
1373724375869581312
1373741968055625728
1373745816346322944
1375943465883428864
1375947039296219136
1375948138807846912
1375948413685753856
1380354706047526912
1380357729704503296
1380362677506828288
1381528709571307520
1381532008106190848
1381533107617818624
1381547401268979712
1381556472239908864
1382619425022175232
1382621349167523840
1382622998434965504
1382624097946593280
1382640865498916864
1382641140376823808
1382641690132637696
1382642514766358528
1382768958603552768
1383809371397449728
1383812120176519168
1383822290659076096
1383828337973028864
1383836584310237184
1383840982356748288
1384968530675394560
1384978151402137600
1384980075547486208
1384980350425393152
1385025155524225024
1385027354547480576
1385027904303294464
1386006745419114496
1386010318831904768
1386019389802833920
1386098004884219904
1386103502442358784
1387187346130102272
1387189820031264768
1396195095190988800
1433272006014429184
1433273930159777792
1433274205037684736
1433275854305126400
1433439131781851136
1434460028361795584
1434469923966445568
1434470198844352512
1438990836539877376
1439001556778248192
1441181613508552704
1441181888386459648
1441182438142273536
1441185461799249920
1441212399834130432
1441231091531802624
1441233290555058176
1442385304114718720
1442386678504253440
1450282271134214144
1450302886977234944
1450303161855141888
1450306460390025216
1454724023316408320
1454724573072222208
1454726222339663872
1454727046973384704
1454735293310593024
1470470683455678464
1470471782967306240
1470472332723120128
1470473157356840960
1470474256868468736
1470557544874272768
1470572663159154688
1470574862182410240
1470579260228921344
1470582833641711616
1471647710703544320
1480591959427934208
1480732696916289536
1481789602451712000
1481792626108688384
1481793450742409216
1487480399322966016
1487485622003197952
1487486446636918784
1488565067996751872
1488565617752565760
1488572489700239360
1488586783351400448
1489656058510075904
1489698939463559168
1489705811411232768
1490717092113049600
1490719016258398208
1490729736496769024
1490780863787460608
1490783887444436992
1490841886682802176
1490842986194429952
1490844360583964672
1490845460095592448
1491882294091212800
1491907857736558592
1491931772114462720
1491939743573764096
1492959815519987712
1492973834293241856
1493065918392068096
1493087908624623616
1493089008136251392
1493089283014158336
1493090657403693056
1493098903740901376
1493102202275784704
1493112097880434688
1493113747147876352
1494107705944598528
1494108530578319360
1494110454723667968
1494115677403899904
1494127772031805440
1494163781037615104
1494165155427149824
1494166804694591488
1497530486329731072
1497532685352986624
1497533784864614400
1498716858436577280
1498727578674948096
1498728953064482816
1498730052576110592
1498730877209831424
1498738298913318912
1499844957618333696
1499846332007868416
1499857876879960064
1500838366390806528
1500857882722199552
1500859531989641216
1500860356623362048
1501968664042170368
1502002474024724480
1502002748902631424
1502040407175882752
1504281211789404160
1505340316499077120
1505342790400239616
1505343065278146560
1505344439667681280
1505382922574653440
1505463736679294976
1505464011557201920
1505464561313015808
1505470883504875520
1505480229353711616
1507592940946483200
1507597613870901248
1507597888748808192
1509936825177761792
1512125678017865728
1512227657721341952
1512230681378318336
1512231231134132224
1513325520115230720
1513325794993137664
1513327169382672384
1513328543772207104
1521192525778413568
1521201871627249664
1521214790888876032
1521235956487710720
1521237605755152384
1521238155510966272
1529024625403521024
1529110112432580608
1529110662188394496
1529119733159323648
1529121657304672256
1529131552909322240
1529131827787229184
1542496393233459200
1542640154378790912
1543680562743502848
1543694306638850048
1543743509784193024
1543755329534191616
1543756154167912448
1543765500016748544
1543766599528376320
1546992021284087808
1546993120795715584
1546994220307343360
1546995319818971136
1546996419330598912
1546998068598040576
1547012087371294720
1547012912005015552
1547014011516643328
1547160796318951424
1548175920446072832
1548176470201886720
1548181692882118656
1548185541172815872
1548187465318164480
1548192413120489472
1548230346271647744
1548241066510018560
1548242440899553280
1551502217612126208
1552697387137394688
1552698761526929408
1552702060061812736
1552702884695533568
1552780400265291776
1552791395381569536
1552791945137383424
1553743572451223552
1553749070009362432
1553749619765176320
1553834557038422016
1553848026055862272
1553848300933769216
1554907955348924416
1554910429250086912
1554911528761714688
1554913452907063296
1554914277540784128
1554916201686132736
1554966779221010432
1566157604005111808
1566157878883018752
1567369540780713984
1567371464926062592
1568412702471120896
1568415176372283392
1568415726128097280
1568434692703676416
1568438540994373632
1568517980709480448
1568527876314130432
1568529525581572096
1568535572895524864
1568536947285059584
1568546842889709568
1568548492157151232
1583051051399931904
1583051601155745792
1583052425789466624
1583055999202256896
1583071392365045760
1584236050224539648
1586476029248038912
1592036539645323264
1592038188912764928
1592046710127880192
1592187172738328576
1592196793465071616
1593238026782271488
1597813099010746368
1597824094127024128
1597824643882838016
1603330444466612224
1603343363728238592
1603346937141028864
1603349960798005248
1603361230792189952
1603441495141017600
1603442319774738432
1603442869530552320
1603443694164273152
1606715842177820672
1606716666811541504
1606717491445262336
1606719415590610944
1606752950695258112
1606755699474327552
1606765045323163648
1606766144834791424
1606768343858046976
1606768893613860864
1609020968204789760
1609057526966413312
1609057801844320256
1609069896472225792
1610046537876924416
1610052310312970240
1610053134946691072
1610053684702504960
1611165015912507392
1611165565668321280
1611166115424135168
1611166390302042112
1611171612982274048
1611174911517157376
1611227962953197568
1611268370005518336
1611272493174122496
1612294764294596608
1612299986974828544
1612300811608549376
1612304934777153536
1612311531846920192
1612315655015524352
1612368156695750656
1612370080841099264
1612439075195742208
1612442373730625536
1612442648608532480
1613426162296449024
1613427261808076800
1613427811563890688
1613437707168540672
1613437982046447616
1613489109337139200
1613495981284812800
1613533639558064128
1614619407592482816
1615792310665111552
1615814300897667072
1616809909649696768
1616811284039231488
1616818430864812032
1616819805254346752
1616831350126438400
1616853340358993920
1616856364015970304
1616857188649691136
1616858013283411968
1616955045184563200
1616955594940377088
1618002879631616000
1618005353532778496
1619117509678491648
1619118059434305536
1619119708701747200
1623720615041067008
1623721164796880896
1623722539186415616
1625920462997448704
1625926510311401472
1632568386284185600
1634880384225273856
1634880933981087744
1634892478853179392
1635969450022823936
1635975222458869760
1635979070749566976
1635979345627473920
1635982369284450304
1635983468796078080
1636004084639098880
1636092045569320960
1636098367761180672
1636098917516994560
1636099467272808448
1638294917199456256
1638296566466897920
1638297116222711808
1638299040368060416
1639344126606469120
1639344951240189952
1639345226118096896
1639346050751817728
1639347425141352448
1639348799530887168
1639382334635534336
1639383434147162112
1640439789960325120
1640441439227766784
1640576954035890176
1640577778669611008
1640596470367283200
1640597020123097088
1642777351697754112
1642780375354730496
1642783399011706880
1642846071174490112
1642846346052397056
1645028325954971648
1645029700344506368
1645037946681714688
1645045368385202176
1645046193018923008
1768861099790198784
1768897108796008448
1769916631003195392
1769925976852031488
1769930100020635648
1769941919770634240
1769964734636910592
1769965834148538368
1771043356365842432
1771054351482120192
1771054626360027136
1771057100261189632
1771112900476299264
1771148359726295040
1771150558749550592
1771161828743735296
1771162378499549184
1771184093854197760
1771197287993731072
1771198387505358848
1771207733354194944
1772209667519309824
1772328689653016576
1772329239408830464
1772330064042551296
1772337760623945728
1776845208877557760
1785733376754345984
1785755366986901504
1785755916742715392
1785758115765970944
1787937073269860352
1787945319607068672
1787953565944276992
1787963736426833920
1793565473728653312
1793575919089117184
1793576468844931072
1793580592013535232
1793687519519336448
1793688344153057280
1793692467321661440
1793694391467010048
1793694666344916992
1793722978769332224
1793723528525146112
1793731774862354432
1794704292913899520
1794706217059248128
1794840082599929856
1794840357477836800
1795881869984688128
1795904135095150592
1795908533141661696
1795908808019568640
1795919253380032512
1795983574810257408
1795985498955606016
1796968187456153600
1796991552078243840
1797003646706149376
1797003921584056320
1797005295973591040
1797007769874753536
1797087484467767296
1797089133735208960
1797089408613115904
1797089683491022848
1797100953485207552
1799249949548898304
1799251049060526080
1799252423450060800
1799263418566338560
1799338460234934272
1799338735112841216
1799339559746562048
1799339834624468992
1799340109502375936
1799340659258189824
1799348355839584256
1800458588645255168
1800461337424324608
1800469858639439872
1800470408395253760
1800472057662695424
1800472332540602368
1801538858836322304
1804873952967813120
1805947350506563584
1805947900262377472
1805948724896098304
1806032012901902336
1806032837535623168
1807116131098454016
1807116955732174848
1807117230610081792
1807118055243802624
1807118879877523456
1807123277924034560
1807124377435662336
1809345666153998336
1809346490787719168
1809347040543533056
1809356111514462208
1812704675200264192
1812705774711891968
1812708523490961408
1812717869339797504
1812743158107236352
1812743707863050240
1812747831031654400
1812755527613048832
1813890773419059200
1813896545855105024
1813900119267895296
1813900943901616128
1813901218779523072
1813912763651614720
1815122501353629696
1815125799888513024
1816166487073777664
1816167311707498496
1816168411219126272
1816213491195865088
1817296510233110528
1817297609744738304
1817299259012179968
1819499932357257216
1819500207235164160
1819502956014233600
1819591466700269568
1819593940601432064
1825252305906198528
1827358140618795008
1827358965252515840
1827373258903676928
1827374083537397760
1849909399888357376
1849915172324403200
1849927816708122624
1849930840365099008
1851022655428257792
1851023480061978624
1851025129329420288
1851026503718955008
1851027878108489728
1853266489721776128
1853267589233403904
1853269513378752512
1853271712402008064
1861176102098069504
1861176651853883392
1861178301121325056
1861240148650387456
1861243447185270784
1861244546696898560
1864491954272757760
1864545280586704896
1864620047377393664
1864620872011114496
1864630217859950592
1864647260290181120
1864648634679715840
1864649459313436672
1864657705650644992
1864657980528551936
1864658530284365824
1865718184397531136
1865731928292878336
1865733852438226944
1865734127316133888
1865736051461482496
1865746496821946368
1866750895996299264
1866759417211414528
1866759966967228416
1866760791600949248
1867949088524232704
1876976632200194048
1876979380979263488
1883793055073462272
1883803500433926144
1883805974335088640
1884785364351084544
1884788388008060928
1884837041397590016
1884856007973169152
1885976960111241216
1885977509867055104
1885979708890310656
1894957770583599104
1899405567043069952
1899406666554697728
1899407216310511616
1899516067961661440
1899529536979101696
1899530086734915584
1899536683804682240
1899536958682589184
1899539982339565568
1899540257217472512
1899542731118635008
1899545754775611392
1899547678920960000
1899563072083748864
1900629876629596160
1900631525897037824
1900641421501687808
1900643620524943360
1900664236367964160
1901734881034004480
1902818179864881152
1903915488862300160
1903918512519276544
1903979810292525056
1903984208339036160
1905148044970584064
1905163438133372928
1905165362278721536
1906151898633758720
1906179111546546176
1906322872691877888
1906323147569784832
1910724487515498496
1910724762393405440
1910728335806195712
1910729160439916544
1910769292614330368
1910779188218980352
1910797879916652544
1910800628695721984
1912937254767060992
1912942477447292928
1912951548418222080
1912961169144965120
1912963093290313728
1912975187918219264
1917499414310578176
1917499689188485120
1917501063578019840
1917539821362898944
1917540920874526720
1917544769165223936
1917546143554758656
1917547243066386432
1920807289053276160
1920818284169553920
1924255908800522240
1924275425131915264
1924288069515634688
1925374386517338112
1925376035784779776
1926485993293113344
1926493689874507776
1926495064264042496
1926495339141949440
1927554993406109696
1929814489633417216
1929867541069457408
1929876337162479616
1929877161796200448
1929878811063642112
1929880460331083776
1930969538191452160
1930971462336800768
1930972286970521600
1930982182575171584
1930982732330985472
1932104227732088832
1932134189423945728
1932135014057666560
1932146284051851264
1932146833807665152
1932147933319292928
1933310118049376256
1933310667805190144
1933311217561004032
1933311492438910976
1935445644390983680
1935445919268890624
1935446194146797568
1935446469024704512
1935447018780518400
1935448393170053120
1935458563652610048
1935459113408423936
1937680401455671296
1937680951211485184
1937714761194039296
1937723832164968448
1937724656798689280
1937726306066130944
1937737576060315648
1937740874595198976
1937753244101011456
1937754343612639232
1937760390926592000
1937784580182403072
1937788428473100288
1937795025542866944
1937799698467284992
1937801622612633600
1937803271880075264
1937809319194028032
1937813167484725248
1937815091630073856
1940014665446746112
1940015215202560000
1940016589592094720
1941088887535331328
1941091086558586880
1941097408750446592
1941098233384167424
1941099882651609088
1941100982163236864
1941108128988817408
1941110602889979904
1941110877767886848
1941111977279514624
1941185919436482560
1941188393337645056
1941193890895783936
1941201312599271424
1954563663872419840
1954566962407303168
1954567512163117056
1954703851604961280
1954712647697983488
1954721993546819584
1957960330134972416
1957961154768693248
1958104641036118016
1958113712007047168
1958115636152395776
1962543369544558592
1963743761380960256
1963744311136774144
1964768506318710784
1965854274067916800
1965992812533016576
1965993912044644352
1966982373216118784
1966983197849839616
1966985671751002112
1967005737838209024
1967029927094020096
1967030201971927040
1967031026605647872
1967032400995182592
1967034050262624256
1967053841471924224
1967057140006807552
1968223722464634880
1968233892947191808
1968235817092540416
1968237191482075136
1968246537330911232
1969214386551678976
1969221808255166464
1969224831912142848
1969226481179584512
1969315266743527424
1969316091377248256
1969316641133062144
1969327911127246848
1969337531853989888
1971464537433466880
1971465087189280768
1971465362067187712
1971465911823001600
1979442314010978304
1979445612545861632
1979447261813303296
1979447536691210240
1984963243130513408
1984977811659581440
1984985783118882816
1986172431110268928
1986172705988175872
1988407463388407808
1989502026676987904
1989515770572335104
1989516045450242048
1989517144961869824
1989518244473497600
1989590262485116928
1989608404426975232
1989609778816509952
1989610878328137728
1997391028025321472
1997392127536949248
1997394601438111744
1997399824118343680
1997408070455552000
1997409994600900608
1997421264595085312
1998483669181818880
1998486417960888320
1998486692838795264
1998488891862050816
1998495488931817472
1998501261367863296
1998507858437629952
1998510332338792448
1998510882094606336
1998524900867860480
1998531772815534080
1998536995495766016
2000873732750469120
2000874557384189952
2000875382017910784
2000876481529538560
2000877855919073280
2000881429331863552
2000897097372559360
2001943283122595840
2001944657512130560
2001953453605152768
2001955652628408320
2001956752140036096
2001957576773756928
2001964723599337472
2001971870424918016
2001972145302824960
2001973244814452736
2001975993593522176
2006437803390429184
2006516142184622080
2006518066329970688
2007483164120868864
2007496633138309120
2007503779963889664
2007508727766214656
2007509277522028544
2007516149469702144
2007537864824350720
2007539514091792384
2007571125051090944
2008615403651098624
2010981827971409920
2010982652605130752
2010997770890012672
2010999145279547392
2011003543326058496
2011016462587684864
2016490378139559936
2017778730956515328
2017779005834422272
2017780105346050048
2018741621771757568
2018754266155476992
2018767735172917248
2018769934196172800
2018820236853143552
2019898593300736000
2019899143056549888
2019902441591433216
2019920583533291520
2019924706701895680
2023276842827409408
2023277667461130240
2023297458670430208
2027844757996201984
2027861800426432512
2027862899938060288
2027864274327595008
2027865098961315840
2027865373839222784
2027878842856663040
2027883790658988032
2027888188705499136
2027893411385731072
2027893961141544960
2034639465296717824
2034650185535088640
2036768663138232320
2036775260207998976
2036779383376603136
2036830235789387776
2036844529440548864
2036857448702175232
2037912979898394624
2037947889392576512
2037967680601876480
2037969879625132032
2037981974253037568
2037983348642572288
2037992144735594496
2037993519125129216
2037993794003036160
2039082031257774080
2039083680525215744
2041356927023212544
2041394860174370816
2041395135052277760
2041395409930184704
2041395684808091648
2041397608953440256
2041398158709254144
2042409445467645952
2042418791316482048
2042419890828109824
2042515823217633280
2042519671508330496
2042530116868794368
2043580963849529344
2043596906768132096
2043601304814643200
2043604328471619584
2043604603349526528
2043606527494875136
2043616148221618176
2043616972855339008
2043618347244873728
2044696968738924544
2044784105035425792
2044785204547053568
2044785754302867456
2045777512650270720
2045780536307247104
2045780811185154048
2045844307981658112
2045845682371192832
2045848156272355328
2045866023336306688
2045879492353746944
2045914401847928832
2045917425504905216
2045917700382812160
2046938333594019840
2046938608471926784
2046991385030060032
2047003204780058624
2047008702338197504
2047011725995173888
2047012000873080832
2047012275750987776
2047012550628894720
2047036190128891904
2047044986221914112
2047045261099821056
2047053232559122432
2048090621796706304
2048093920331589632
2048157142250186752
2048169786633906176
2048170061511813120
2049151095191660544
2049153569092823040
2049172810546309120
2049173360302123008
2050282200313653248
2050284124459001856
2050286323482257408
2050287422993885184
2050288247627606016
2055992519522543616
2055994993423706112
2056004889028356096
2057101652413933568
2058168727995705344
2058180547745703936
2058204187245701120
2061525279783806976
2061525554661713920
2061526104417527808
2061565686836127744
2061565961714034688
2061566236591941632
2061668766051231744
2062658321516619776
2062661345173596160
2062677013214291968
2062680861504989184
2062709723685218304
2062722917824751616
2062745182935214080
2062753154394515456
2062758651952654336
2062810328999159808
2062819949725902848
2063803467943667712
2063822159641339904
2063824633542502400
2063827657199478784
2063827932077385728
2063828206955292672
2063828481833199616
2063829031589013504
2063907646670399488
2063910945205282816
2063917817152956416
2063920291054118912
2063929087147141120
2063941731530860544
2063942556164581376
2063944205432023040
2064940637861472256
2064941462495193088
2064943936396355584
2064944211274262528
2064961528582400000
2064970324675422208
2064995888320768000
2064999186855651328
2065020902210299904
2065063233407969280
2065069830477735936
2065070929989363712
2066038775116490752
2066040149506025472
2066040424383932416
2066051694378117120
2066072859976951808
2066074234366486528
2066084129971136512
2066085504360671232
2066086603872299008
2066156147982755840
2066156422860662784
2066157797250197504
2066158072128104448
2066171541145544704
2066180612116473856
2066183086017636352
2066196005279262720
2067213328479971328
2067217176770668544
2067225972863690752
2067226247741597696
2067228171886946304
2067241915782293504
2067245764072990720
2067249062607874048
2067272152352057344
2067301289410193408
2067313109160192000
2067313384038098944
2067313933793912832
2067316132817168384
2069421129373607936
2069433224001513472
2069436797414303744
2069443119606163456
2074057770478364672
2074067940960921600
2074069040472549376
2074072064129525760
2080669969921632256
2080681789671630848
2080682614305351680
2080684263572793344
2080684813328607232
2080694434055350272
2081800537149302784
2081814830800463872
2081815655434184704
2081816205189998592
2081823901771393024
2081824726405113856
2081844792492320768
2081858261509761024
2081860460533016576
2081937701224867840
2081956667800446976
2081956942678353920
2081958591945795584
2082957222375090176
2082960246032066560
2082962994811136000
2082978387973924864
2082979212607645696
2083004501375084544
2083014946735548416
2083016046247176192
2083027591119267840
2083029790142523392
2084078444961884160
2085246401356261376
2085250249646958592
2086328871090677760
2086331344991840256
2086332719381374976
2086349761811605504
2087484732689377280
2087488031224260608
2087579840445179904
2087580939956807680
2087591110439364608
2103325667427903488
2103329515718600704
2103331989619763200
2103341610346506240
2103343534491854848
2103344084247668736
2103345183759296512
2103345458637203456
2103355354241853440
2103355629119760384
2105475763506538496
2105485384233281536
2105486758622816256
2105495279837931520
2105496929105373184
2105497753739094016
2106560706622023680
2106561531255744512
2106564005156907008
2106571701738301440
2106573625883650048
2106573900761556992
2106647293162711040
2106649492185966592
2106651416331315200
2106651691209222144
2106651966087129088
2106686050947590144
2106687700215031808
2106689349482473472
2106694847040612352
2106722884587120640
2106730306290608128
2107704198748465152
2107705023382185984
2107712719963580416
2107716293376370688
2107716843132184576
2107718492399626240
2107740207754274816
2107741582143809536
2107810026742638592
2107837514533332992
2108871897730017280
2108907356980013056
2108915878195128320
2108918077218383872
2108919726485825536
2109955191812941824
2109956841080383488
2109964262783870976
2109966736685033472
2113347460263864320
2113348010019678208
2113348284897585152
2113356256356886528
2115590464219408384
2115591838608943104
2115592388364756992
2115602009091500032
2115602833725220864
2164139930387769344
2164151200381954048
2164152849649395712
2164154498916837376
2169660303493588992
2169662502516844544
2169670473976145920
2169673222755215360
2169688890795911168
2169715553952884736
2173038003650324480
2173038278528231424
2173039652917766144
2173040202673580032
2173045700231718912
2173047899254974464
2173050098278230016
2173054221446834176
2173056420470089728
2173058069737531392
2179894557875922944
2179902529335224320
2179905278114293760
2179906377625921536
2182100728779139072
2182111998773323776
2182113373162858496
2182114747552393216
2183242022016542720
2183245045673519104
2183255216156076032
2183259889080494080
2184257970659944448
2184268141142501376
2184273363822733312
2184395409613416448
2184407229363415040
2184409153508763648
2184410527898298368
2188826991262722048
2188830564675512320
2188903957076666368
2188905056588294144
2188905881222014976
2188917975849920512
2189975706069395456
2190019686534506496
2190021060924041216
2190022710191482880
2191035910911453184
2191057076510287872
2191060924800985088
2191070270649821184
2194379525788297216
2194379800666204160
2194381449933645824
2198971909721319424
2219156471218726912
2219159769753610240
2219169390480353280
2221429435960158208
2221431909861320704
2221443729611319296
2222527298286938112
2223739789834741760
2224781296637339648
2224799163701291008
2224799713457104896
2227091371775256576
2227093845676419072
2227096044699674624
2227110063472928768
2228315677268142080
2228317601413490688
2228320350192560128
2230469895961733120
2230471270351267840
2230472369862895616
2235011153325484032
2235015551371995136
2235015826249902080
2238346797363783680
2238413317817264128
2238414692206798848
2238420189764937728
2239481773325051904
2239482048202958848
2239483422592493568
2240547469937108992
2240547744815015936
2240549119204550656
2243930122325354496
2243930946959075328
2243933145982330880
2243933970616051712
2243934795249772544
2243951562802096128
2243971354011396096
2243971628889303040
2244035950319527936
2244039523732318208
2244052168116037632
2244053542505572352
2244054916895107072
2244058215429990400
2244061239086966784
2244070310057895936
2246243763846408192
2246256683108034560
2246257232863848448
2248450484136339456
2248454882182850560
2249551370002655232
2249551644880562176
2249552469514283008
2249558516828235776
2249578857793349632
2249586829252651008
2249592601688696832
2249596175101487104
2249600023392184320
2249650051171248128
2249650326049155072
2249650875804968960
2250723725450176512
2250724550083897344
2250725374717618176
2250736369833895936
2250781174932727808
2250792444926912512
2250794094194354176
2256360650613745664
2256361750125373440
2256369721584674816
2256382091090487296
2258720473066006528
2259681446195128320
2259681721073035264
2259682270828849152
2259683095462569984
2259721303491635200
2259722677881169920
2259723777392797696
2259728725195122688
2259775454439303168
2260879364096813056
2260881837997975552
2260895032137508864
2262008294891612160
2262041829996259328
2264188619654719488
2264352172009351168
2265438489396930560
2265447560367859712
2265454707193440256
2265457455972509696
2265458280606230528
2267577588715120640
2269815100565121024
2269825820803491840
2269826645437212672
2271052045693773824
2271052870327494656
2271053969839122432
2271061391542609920
2271066339344934912
2272166955953711104
2272168055465338880
2272169429854873600
2272169979610687488
2272170529366501376
2275478129768163328
2275478404646070272
2276735427220105216
2276735976975919104
2277731310279616512
2277751926122637312
2277753025634265088
2277763745872635904
2277768418797053952
2277769243430774784
2277769793186588672
2278904208470075392
2278906957249144832
2278909156272400384
2278909431150307328
2285638167367280640
2285640641268443136
2285641191024257024
2287955393424418816
2287956218058139648
2287956767813953536
2287957867325581312
2288979307940308992
2288980132574029824
2288989203544958976
2288992227201935360
2289079638376343552
2289098879829829632
2289099704463550464
2290201964702623744
2290213234696808448
2290219556888668160
2291306698507315200
2291310546798012416
2293608526267836416
2293609076023650304
2293611275046905856
2293617872116672512
2344135482134259712
2344136581645887488
2344137406279608320
2352177587406530560
2352178412040251392
2353222122865715200
2353287818685474816
2354359567376214016
2354371112248305664
2354373861027375104
2355510481390692352
2355511580902320128
2355515704070924288
2356517640047978496
2356517914925885440
2356518464681699328
2356518739559606272
2356519014437513216
2356519564193327104
2356530284431697920
2356597354640992256
2356597629518899200
2356599828542154752
2356600653175875584
2356600928053782528
2356609999024711680
2356652055344474112
2356655353879357440
2356655628757264384
2356655903635171328
2356663050460751872
2356664974606100480
2356674870210750464
2356675145088657408
2356675694844471296
2356683116547958784
2357666355374745600
2357673777078233088
2357677075613116416
2357677625368930304
2357677900246837248
2357679274636371968
2357681473659627520
2357682298293348352
2357745245334038528
2357749368502642688
2357757614839851008
2357768060200314880
2357775756781709312
2357776306537523200
2357785377508452352
2358760912875186176
2358765860677511168
2359989616649463808
2361062465875240960
2361072911235704832
2361073186113611776
2361074010747332608
2361075385136867328
2361076209770588160
2361077034404308992
2364413506163337216
2364423401767987200
2364426975180777472
2364461609797052416
2364462434430773248
2364476178326120448
2364478652227282944
2364481675884259328
2364494045390071808
2364517959767975936
2364519883913324544
2364520158791231488
2364522907570300928
2369054272198305792
2370065541642610688
2370069664811214848
2370077636270516224
2370082584072841216
2372285735765043200
2372298929904576512
2372299754538297344
2372300029416204288
2372314872823179264
2372445714706884608
2373519657438046208
2373522131339208704
2373533951089207296
2373542197426415616
2374574089005197312
2374583984609847296
2374587008266823680
2374587283144730624
2374588107778451456
2374598828016822272
2374600477284263936
2374601576795891712
2374624116784261120
2374625766051702784
2374631813365655552
2374635386778445824
2374635661656352768
2374637585801701376
2374643633115654144
2374651054819141632
2374652154330769408
2374652429208676352
2375737647168514048
2375743419604559872
2375745893505722368
2375778878854555648
2375783551778973696
2376778609802110976
2376782458092808192
2376791803941644288
2376795652232341504
2376796201988155392
2376806097592805376
2376942162156742656
2376942711912556544
2377910008391165952
2377912757170235392
2377926501065582592
2377944368129533952
2377946292274882560
2377946567152789504
2377947116908603392
2377999068833015808
2378005391024875520
2378006490536503296
2378009789071386624
2379095280818612224
2379097204963960832
2379138161772095488
2379138986405816320
2379141460306978816
2381278912035448832
2381284409593587712
2381284959349401600
2381285234227308544
2381297328855214080
2381303925924980736
2381338010785441792
2382416087288408064
2382416911922128896
2382454570195380224
2382454845073287168
2382467489457006592
2382474636282587136
2382475460916307968
2384767117456074752
2384769041601423360
2384779212083980288
2384782510618863616
2385836392044324864
2385842714236184576
2385845188137347072
2385846012771067904
2385847387160602624
2385887244457109504
2385890268114085888
2390294636833826816
2390295736345454592
2390296286101268480
2390447743827994624
2391554951651289088
2391557150674544640
2391568420668729344
2393673985838573568
2393827092832741376
2393831216001345536
2393834514536228864
2393835064292042752
2393838362826926080
2394805934149888000
2394884824109180928
2394886748254529536
2394887572888250368
2394953543585916928
2394961515045218304
2396004125956401152
2396008524002912256
2398255377373227008
2399387598431741952
2399389522577090560
2399416735489878016
2399417835001505792
2399418384757319680
2399432678408480768
2399439000600340480
2399439275478247424
2399439825234061312
2400567918694787072
2400568193572694016
2400568468450600960
2400569567962228736
2400572041863391232
2403798289460783104
2403811758478223360
2403812857989851136
2404963766199412736
2404970638147086336
2404971187902900224
2405059698588936192
2408371983810062336
2418433350709569536
2420742874615277568
2420743424371091456
2420752220464113664
2420752495342020608
2420753594853648384
2420753869731555328
2424118645190846464
2424120844214102016
2424122768359450624
2424129915185031168
2427491127482411008
2427502672354502656
2427510094057990144
2427511468447524864
2427603002790537216
2430919676310611968
2430961457752467456
2430976301159442432
2430976850915256320
2430977125793163264
2430986471641999360
2431994441494456320
2431996640517711872
2432005986366547968
2432006811000268800
2432007085878175744
2432007360756082688
2432015881971197952
2432087075349096448
2432088449738631168
2432089824128165888
2432091473395607552
2434370216646436864
2435471096221296640
2435475494267807744
2435485664750364672
2435486764261992448
2437590956216707072
2437593155239962624
2437674519100418048
2437675068856231936
2437698708356229120
2437705580303902720
2437713551763204096
2437718499565529088
2437718774443436032
2438812518919989248
2438836158419986432
2438840006710683648
2440957935178770432
2440958759812491264
2440959584446212096
2440959859324119040
2440961233713653760
2440962058347374592
2441100871690381312
2441101971202009088
2441113241196193792
2441113516074100736
2441118463876425728
2442166018043308032
2442169316578191360
2443327932307892224
2443347448639285248
2443348273273006080
2443350197418354688
2445499748606568448
2445500023484475392
2445504971286800384
2445547302484469760
2445548127118190592
2445565994182141952
2446690788604667904
2446692987627923456
2446704532500015104
2446749612476753920
2446750162232567808
2472477079350831104
2472479553251993600
2472490548368271360
2472496320804317184
2472532879565940736
2472540576147335168
2472549097362450432
2472549372240357376
2472552670775240704
2472560917112449024
2472589229536864256
2472601049286862848
2472605447333373952
2472610670013605888
2472611769525233664
2472613143914768384
2472613418792675328
2472619466106628096
2472622764641511424
2472640081949648896
2472651901699647488
2473632116668131328
2473642287150688256
2473647234953013248
2473649433976268800
2473649708854175744
2473651083243710464
2473656305923942400
2473656855679756288
2473668675429754880
2473676097133242368
2473679120790218752
2473680220301846528
2473681594691381248
2473681869569288192
2473690665662310400
2473691215418124288
2473729698325096448
2473741243197188096
2474875120653461504
2474884191624390656
2475862750899759104
2475863300655572992
2475864400167200768
2475870172603246592
2475875120405571584
2475875395283478528
2475879518452082688
2475884466254407680
2475887489911384064
2475889139178825728
2475894911614871552
2475896560882313216
2475912778678822912
2475913603312543744
2476014208626485248
2476014758382299136
2476016132771833856
2476017232283461632
2477013944925972480
2477016968582948864
2477035385402714112
2477066446606198784
2477089536350382080
2477095858542241792
2477098607321311232
2477101081222473728
2477103830001543168
2478133523127494656
2478134347761215488
2479294601735727104
2479295701247354880
2479297075636889600
2479340231468279808
2479341605857814528
2483761371565549568
2483771816926013440
2483773741071362048
2483774565705082880
2483805901786474496
2484943342589208576
2486026092066924544
2486069247898314752
2486151711270397952
2487202569961629696
2487205593618606080
2489371354617374720
2489372179251095552
2489373003884816384
2489385098512721920
2489394719239464960
2489395268995278848
2489397742896441344
2489504395524335616
2489505495035963392
2489508518692939776
2489509343326660608
2489510167960381440
2489536006483634176
2489538205506889728
2489540404530145280
2490497254574548992
2490510448714082304
2490512097981523968
2490512647737337856
2490640191086159872
2490644314254764032
2490652010836158464
2490655309371041792
2490659157661739008
2490659707417552896
2490664380341970944
2491628926967769088
2491629201845676032
2491630851113117696
2491631675746838528
2491633325014280192
2491640471839860736
2491641021595674624
2491661362560788480
2491666310363113472
2491666860118927360
2491670708409624576
2491682253281716224
2491691874008459264
2491692423764273152
2491697371566598144
2491704518392178688
2491785332496820224
2492775167873280000
2492805404443043840
2492815300047693824
2492818598582577152
2492822721751181312
2492822996629088256
2492823271506995200
2492836465646528512
2492837015402342400
2492840588815132672
2492841963204667392
2492842512960481280
2492858730756990976
2492859005634897920
2492871100262803456
2492905185123264512
2493925257019156480
2493926081652877312
2493939275792410624
2493939825548224512
2493949721152874496
2493997000152868864
2494001123321473024
2494004421856356352
2495080019139782656
2495081668407224320
2496125379803113472
2497404112195315712
2497405486584850432
2498462941892864000
2500655917431810048
2500668012059715584
2500669661327157248
2500675158885296128
2500683130344597504
2500727385687615488
2500730409344591872
2500741679338776576
2500741954216683520
2506341767389931520
2506353037384116224
2506353862017837056
2506354136895744000
2506357160552720384
2506367605913184256
2510918209327097856
2510927555175933952
2510928654687561728
2510930303955003392
2512021569530783744
2512025142943574016
2512033114402875392
2513027073098934272
2513027622854748160
2513028722366375936
2513139223284967424
2514252479110080512
2515345118421084160
2516398176085239808
2516406422422448128
2516414943637563392
2516415218515470336
2517546888878647296
2517575201303062528
2517575751058876416
2517576850570504192
2517578224960038912
2517590594465851392
2517592793489106944
2522170336850503680
2522181606844688384
2522187929036548096
2522191777327245312
2523256660143663104
2523257209899476992
2523265456236685312
2523267655259940864
2523279200132032512
2523287446469240832
2523290745004124160
2523294593294821376
2523297616951797760
2525494160014731264
2525505430008915968
2525505979764729856
2525516700003100672
2549063564266596352
2549064114022410240
2549072910115432448
2550171871853176832
2550268353998514176
2550270003265955840
2550270553021769728
2552476174001399808
2552481121803724800
2553596575830009856
2553596850707916800
2553609220213729280
2553652376045119488
2553655674580002816
2554815659833845760
2558177691547232256
2558178791058860032
2558187587151882240
2560379188922050560
2560382487456933888
2569326738949564416
2569328663094913024
2569329487728633856
2569337734065842176
2569370719414675456
2569374017949558784
2569381439653046272
2570540050802567168
2571682992787318784
2571683817421039616
2571684367176853504
2571690964246620160
2571691514002434048
2572688770914609152
2572844351809939456
2572854522292496384
2572855346926217216
2573842708367960064
2573851504460982272
2573854528117958656
2573864148844701696
2573865798112143360
2574983451765663744
2574984001521477632
2574984551277291520
2574986200544733184
2574998020294731776
2575083782201698304
2575085706347046912
2575087080736581632
2576089835240450048
2576097806699751424
2576105778159052800
2576106602792773632
2576107977182308352
2576111825473005568
2576112924984633344
2578350706494826496
2578353455273895936
2578354554785523712
2578355104541337600
2578447738395977728
2578449662541326336
2578450487175047168
2578451036930861056
2578452686198302720
2578452961076209664
2578457634000627712
2578460932535511040
2578462581802952704
2578464231070394368
2579467260334729216
2579468084968450048
2579468909602170880
2579469184480077824
2579480179596355584
2581864195951716352
2582902698005260288
2582902972883167232
2583975533222062080
2583986528338339840
2583991476140664832
2584003845646477312
2584004395402291200
2585132494349166592
2585133318982887424
2585148162389862400
2641381585064060928
2641382409697781760
2641498957930326016
2644750488691566592
2644751313325287424
2644755161615984640
2644823606214813696
2644825255482255360
2644826080115976192
2644836800354347008
2652664499382806528
2652669722063038464
2652673845231642624
2652747237632796672
2652748612022331392
2652753284946749440
2652754659336284160
2652757408115353600
2652757682993260544
2662758565093074944
2663936142079977472
2663945762806720512
2663950710609045504
2663958132312532992
2664006510824155136
2664008709847410688
2664009259603224576
2664012833016014848
2664015306917177344
2664052140556707840
2664052415434614784
2664052965190428672
2664053240068335616
2664053514946242560
2665054895530338304
2665055995041966080
2665066165524523008
2665067539914057728
2665068364547778560
2665069464059406336
2667290202166290432
2667307794352334848
2667316590445357056
2667319339224426496
2672904309074585600
2672906782975748096
2673029653400152064
2673033776568756224
2673035150958290944
2673040373638522880
2673052193388521472
2673052743144335360
2673053018022242304
2673056866312939520
2674019763704850432
2674030758821128192
2674034057356011520
2674045877106010112
2674047526373451776
2674050824908335104
2674058796367636480
2674071990507169792
2674085734402516992
2674179742646691840
2674181117036226560
2675200089437267968
2675220430402381824
2675229226495404032
2675231150640752640
2675274581350049792
2675277879884933120
2675286950855862272
2675287225733769216
2675287500611676160
2675287775489583104
2722437583270340608
2722446104485455872
2722446379363362816
2722448303508711424
2722457924235454464
2723673440128100352
2723687733779261440
2723689657924610048
2723694055971121152
2723696804750190592
2728200129667426304
2728202603568588800
2728203153324402688
2728203428202309632
2729276556567406592
2739317286216165376
2740473697671342080
2740479744985294848
2740480569619015680
2740488541078317056
2740493214002735104
2741682060983822336
2741682885617543168
2741693605855913984
2741695530001262592
2741697729024518144
2743847274592364544
2743980315499325440
2743980865255139328
2743984163790022656
2743989386470254592
2743991860371417088
2745089451343505408
2745099346948155392
2746125736673830912
2746126286429644800
2746149651051735040
2746151025441269760
2746151850074990592
2746189783226148864
2747286271582824448
2788880250732308480
2788883824145098752
2788895918773004288
2788966287517181952
2788976457999738880
2788977007755552768
2788980306290436096
2788980581168343040
2790103458072520704
2790103732950427648
2791140573707266048
2791142222974707712
2791142772730521600
2791190326608422912
2791193625143306240
2791204070503770112
2791204895137490944
2791226335614232576
2791233207561906176
2791235131707254784
2791235406585161728
2791235681463068672
2791236231218882560
2791236780974696448
2795775559571892224
2795780782252124160
2796778868831184896
2796876725366056960
2796878099755591680
2797933906333034496
2799098284113684480
2799099108747405312
2799099933381126144
2799101032892753920
2799102407282288640
2799114501910194176
2799114776788101120
2799115876299728896
2799122198491588608
2799123298003216384
2800206041676015616
2800206591431829504
2800256344332986368
2800270912862054400
2800284931635308544
2800288505048098816
2802365757474760704
2802369605765457920
2802369880643364864
2802384174294525952
2802425131102660608
2802434476951496704
2802436126218938368
2802444647434053632
2802453718404982784
2802455642550331392
2802457841573586944
2802458116451493888
2805859461057505280
2805861110324946944
2805862484714481664
2805863584226109440
2806877332889954304
2806882555570186240
2806883929959720960
2806887228494604288
2806894650198091776
2806896024587626496
2807043908901562368
2810252559766284288
2810252834644191232
2810253659277912064
2810254758789539840
2811416392421632000
2811418316566980608
2811419141200701440
2811424638758840320
2811424913636747264
2811437008264652800
2811448553136744448
2814831750818064384
2814860887876200448
2814861987387828224
2814862262265735168
2814872707626199040
2814909816143636480
2814910640777357312
2814912839800612864
2815961497438545920
2816015098630400000
2817125332107159552
2817125606985066496
2817147597217622016
2817148146973435904
2819273502933149696
2819368885566859264
2819384828485462016
2819406268962203648
2819406543840110592
2819406818718017536
2820456572025595904
2820460420316293120
2820468116897687552
2820468391775594496
2820468666653501440
2820471140554663936
2820472240066291712
2820472514944198656
2821523653479393280
2821593747345664000
2821631680496822272
2821658618531702784
2821670713159608320
2821675660961933312
2824917571013208064
2824918945402742784
2824920594670184448
2824932689298089984
2824934613443438592
2824941760269019136
2824942584902739968
2824978319030642688
2824982167321339904
2824983816588781568
2824997560484128768
2824999209751570432
2825000584141105152
2825001683652732928
2825018176327149568
2830580050896644096
2830580875530364928
2830583624309434368
2832783478221727744
2832794473338005504
2832796397483354112
2832797222117074944
2832828008442652672
2832828283320559616
2832829657710094336
2832829932588001280
2832907173279852544
2836145515421263872
2836153761758472192
2836171628822423552
2836183723450329088
2836279106084038656
2836281854863108096
2837419024999016448
2837420674266458112
2837438816208316416
2838406935424821248
2838418755174819840
2838420404442261504
2838432773948073984
2838528706337597440
2838530080727132160
2838531180238759936
2838534753651550208
2838549322180618240
2838553720227129344
2838553995105036288
2838555369494571008
2838557843395733504
2838562516320151552
2838563890709686272
2839522665385977856
2839524589531326464
2839549053665044480
2839550702932486144
2839613924851083264
2839664227508054016
2839664777263867904
2841776114433550336
2841794256375408640
2841794531253315584
2841865999509121024
2841898709980047360
2841900359247489024
2841903382904465408
2841907780950976512
2841921249968416768
2841941590933530624
2842919881421121536
2842922905078097920
2842985852118788096
2842986401874601984
2842999870892042240
2843007567473436672
2843007842351343616
2843011965519947776
2843022410880411648
2843043851357153280
2843044950868781056
2843055945985058816
2845242874612705280
2845244798758053888
2845247547537123328
2845261566310377472
2845262116066191360
2845268438258051072
2845271187037120512
2845273386060376064
2845275035327817728
2845275585083631616
2845275859961538560
2845279708252235776
2845294001903396864
2845295376292931584
2845305271897581568
2845306371409209344
2846347883832174592
2846348983343802368
2846349258221709312
2846351732122871808
2847551574421563392
2847554598078539776
2849669233598556160
2849689574563670016
2849690124319483904
2849690674075297792
2849728607226456064
2849740152098547712
2850823721092933632
2850877597162694656
2850902885930133504
2850903160808040448
2907074728420206592
2907075553053927424
2907076377687648256
2907086273292298240
2911616261702051840
2911617910969493504
2911619835114842112
2911622858771818496
2911623408527632384
2911623683405539328
2911709995068319744
2911723464085760000
2911731985300875264
2911733084812503040
2912711374763223040
2912712199396943872
2913873559157762048
2913875758181017600
2913894175000782848
2913909568163571712
2913920838157756416
2914000002994956288
2915011828570417152
2915012378326231040
2915017051250649088
2915022548808787968
2915035742948321280
2916115188505667584
2916116562895202304
2916119586552178688
2916119861430085632
2916121785575434240
2916133880203339776
2916178960180078592
2916254826482395136
2916255101360302080
2917335920703203328
2917336470459017216
2917337020214831104
2917338394604365824
2918439556137117696
2918441205404559360
2918441480282466304
2921883227041851392
2922942056739399680
2922954426245212160
2922968170140559360
2932989673519212544
2933134259298265088
2934193908093052928
2934203253941889024
2934254106354673664
2934261528058161152
2936486120327768064
2936488319351023616
2936488869106837504
2936509484949858304
2936510859339393024
2937489149843761152
2937498220814690304
2937500419837945856
2937510865198409728
2937533130308872192
2937561442733287424
2937572437849565184
2937576286140262400
2937576561018169344
2937578485163517952
2937578760041424896
2937581233942587392
2937582608332122112
2937588930523981824
2973514919078553600
2973527563462273024
2973535260043667456
2975757097796397056
2975757372674304000
2975766993401047040
2976895642120513536
2978085318181283840
2978087517204539392
2978087792082446336
2988281635134269440
2988283284401711104
2988284109035431936
2988284933669152768
2988285208547059712
2989303355525851136
2989304180159571968
2989305279671199744
2989440244723509248
2990431734367021056
2990437781680973824
2990478188733294592
2990519420419336192
2990521894320498688
2990524368221661184
2990527391878637568
2991549663116552192
2991550212872366080
2991550762628179968
2991552686773528576
2991553786285156352
2991582648465385472
2991676656709560320
2991677206465374208
2991684628168861696
2992733012505946112
2992736860796643328
2992745107133851648
3001666265040316416
3001677260156594176
3001678359668221952
3001678909424035840
3001679734057756672
3001714093796124672
3001721790377519104
3001723164767053824
3087382267446716416
3087387490126948352
3088360283475830784
3088375951516526592
3088435325144426496
3089555177955420160
3089556277467047936
3089578542577510400
3092868830469318656
3092877901440247808
3092879550707689472
3092886972411176960
3092888621678618624
3092892195091408896
3092896043382106112
3094070596695255040
3095116507248617472
3095126677731174400
3095126952609081344
3095128052120709120
3095128876754429952
3095129151632336896
3096299581776881664
3096301780800137216
3096306178846648320
3097352639055161344
3097354013444696064
3097354563200509952
3097355937590044672
3097366657828415488
3097413387072595968
3097426581212129280
3097460391194683392
3097471111433054208
3098556334275061760
3103048388610910208
3105233118466959360
3106438183395551232
3106438733151365120
3106439557785085952
3110986037912954880
3110987412302489600
3110994009372256256
3110995658639697920
3111000881319929856
3111001431075743744
3111008303023417344
3111009127657138176
3112152620219787264
3112153994609321984
3113127337277810688
3113129536301066240
3113139157027809280
3117743636712810496
3117751333294204928
3117754631829088256
3117760679143041024
3117763977677924352
3117765077189552128
3117790091079084032
3117790640834897920
3117791740346525696
3118831328305375232
3121113639885498368
3121126284269217792
3121133156216891392
3121134805484333056
3124539993096218624
3124540817729939456
3125515535106729984
3125519108519520256
3125635381874157568
3125638405531133952
3125639779920668672
3125640879432296448
3126679368164730880
3126680192798451712
3126681567187986432
3126690913036822528
3126713453025191936
3126716476682168320
3126744514228676608
3126756608856582144
3126759907391465472
3126761556658907136
3127751666628061184
3127758263697827840
3127762386866432000
3128925945063303168
3128927594330744832
3128928144086558720
3128940513592371200
3129007858679572480
3129009782824921088
3129010057702828032
3129010607458641920
3129013356237711360
3132408099260884992
3132408923894605824
3132410023406233600
3132410848039954432
3133526851201296384
3138049692751915008
3138051342019356672
3139009291541833728
3139111546123216896
3139120342216239104
3139120617094146048
3139121991483680768
3140212157296175104
3140214631197337600
3140217105098500096
3140228375092684800
3140235521918265344
3140236346551986176
3140236896307800064
3141291877714651136
3141292977226278912
3141294901371627520
3141297925028603904
3141340531104180224
3141341630615808000
3142482099068495872
3142485397603379200
3143668472114866176
3143669296748587008
3144751211408812032
3245014306164598784
3245018154455296000
3245019528844830720
3247105577750390784
3247269130105022464
3247270504494557184
3248248244723017728
3248256216182319104
3248281779827664896
3248393105379977216
3248393380257884160
3249415101454772224
3249415926088493056
3249485470198949888
3249489593367554048
3249496190437320704
3249498389460576256
3249508285065226240
3321521624783546368
3321534818923079680
3323756931922814976
3340578360735590400
3340579460247218176
3340583308537915392
3340601725357680640
3340602275113494528
3340688586776274944
3340690236043716608
3340692160189065216
3340703705061156864
3341765283554551808
3341840050345240576
3344069859993479168
3344080030476036096
4127560140591919104
4133233075835039744
4142281502178865152
4142403822847455232
4281913986448551936
4283061322704941056
4287453875785101312
4439614737227640832
4439625182588104704
4439625732343918592
4447493293567832064
4447559814021312512
4450713207363530752
4453012292149899264
4458814414758014976
4515077519011672064
4521721872509497344
4525084724309979136
4537569683390001152
4544252509963350016
4549917744145559552
4572435742299189248
4584778035198881792
4703136344229736448
4712061076438183936
5019451543339593728
5052165868093108224
5064330860531740672
5144466566767374336
5147787366610169856
5199445995926777856
5200708785014501376
5205056254359826432
5208416362330517504
5209747870559432704
5217509323139903488
5221006319704272896
5231019297321185280
5318765549911207936
5327805183181910016
5327812330007490560
5369552270046982144
5370548977287229440
5370598180432572416
5370743865723252736
5370746064746508288
5375116618953846784
5376227126519984128
5376327182078111744
5376327731833925632
5376331030368808960
5376407996182753280
5377306021365215232
5377331035254747136
5377540492219838464
5377569629277974528
5377570179033788416
5379615821323235328
5379795041718562816
5381874217804034048
5382043542594711552
5400951843722031104
5410106103546179584
5410181145214775296
5449406496994160640
5466322762224824320
5467628153814577152
5491162375489515520
5492219830847860736
5492292123737387008
5492383383202492416
5496843002549301248
5500170124969832448
5504707259265642496
5504708908533084160
5516959667593080832
5588977129624367104
5588982627182505984
5616011647925284864
5621826138831253504
5799642746596290560
5799685902427680768
5799699096567214080
5801855788792868864
5803100973749170176
5806408855471190016
5817776708589907968
5826714086994014208
5847050106167816192
5858222243280777216
5867117016934707200
5868428734541524992
5964126101726490624
5975259757895413760
5986580329648549888
5986602319881105408
5994445410310746112
6001126868484026368
6004527932843421696
6006794851143315456
6010288274278117376
6013589831627239424
6015863622814330880
6030325498918924288
6032749372923113472
6039343143886450688
6059805054977372160
6074409318525628416
6078800217422622720
6081099845874675712
6083501729528868864
6083503928552124416
6104892728364691456
6114763044666667008
6116114344406872064
6116144031220822016
6133041874833436672
6133961617232818176
6138415737897414656
6139645542391279616
6145226113825828864
6145249203570012160
6162271842960338944
6163359260010541056
6167924981675782144
6169077544773152768
6172189987330256896
6176815632966414336
6181231271210577920
6181241166815227904
6181243915594297344
6181258209245458432
6427880875908329472
6438135473151602688
6450330704777244672
6450332354044686336
6453871127655280640
6458249377219276800
6501023953254543360
6501036322760355840
6501038521783611392
6502157274982313984
6502188611063705600
6514712602319974400
6528215156123168768
6534893589381181440
6613641157472350208
6614931984106582016
6620545540789301248
6627096980689186816
6646205943527436288
6646246075701850112
6693625683509964800
6753168634086617088
6753178529691267072
6761067525670891520
6761102160287166464
6773575294785351680
6792788985535721472
6795018520356384768
6801753304390627328
6803931436824588288
6810626363042230272
6826509633256615936
6826518979105452032
7115727101928075264
7117972300259586048
7119209250824056832
7210375809562505216
7226250558846988288
7234010361220493312
7234070284604207104
7235258307521998848
7237290753843195904
7239590932504047616
7240888906181963776
7240890280571498496
7241864722718060544
7241904580014567424
7250854880565981184
7252031907662852096
7256530009765638144
7261125968201969664
7270182919921659904
7309481390180593664
7310648796248731648
7313857996231733248
7314046562475896832
7314995990196056064
7454674649474592768
7454687843614126080
7456975927328305152
7503044365288927232
7504313751580635136
7514359440004018176
7514359714881925120
7515422117975486464
7515422667731300352
7522381476890603520
7526897995662159872
7577306755723096064
7583192715874725888
7602110087788425216
7607823425923117056
7650681839569006592
7845294023597813760
7865569572366774272
7982663436583235584
