4127560140591919104
4133233075835039744
4142281502178865152
4142403822847455232
4281913986448551936
4283061322704941056
4287453875785101312
4439614737227640832
4439625182588104704
4439625732343918592
4447493293567832064
4447559814021312512
4450713207363530752
4453012292149899264
4458814414758014976
4515077519011672064
4521721872509497344
4525084724309979136
4537569683390001152
4544252509963350016
4549917744145559552
4572435742299189248
4584778035198881792
4703136344229736448
4712061076438183936
5019451543339593728
5052165868093108224
5064330860531740672
5144466566767374336
5147787366610169856
5199445995926777856
5200708785014501376
5205056254359826432
5208416362330517504
5209747870559432704
5217509323139903488
5221006319704272896
5231019297321185280
5318765549911207936
5327804083670282240
5327805183181910016
5327812330007490560
5369552270046982144
5370548977287229440
5370598180432572416
5370743865723252736
5370746064746508288
5375116618953846784
5376227126519984128
5376327182078111744
5376327731833925632
5376331030368808960
5376407996182753280
5377306021365215232
5377331035254747136
5377403053266366464
5377404152777994240
5377540492219838464
5377569629277974528
5377570179033788416
5379615821323235328
5379795041718562816
5381874217804034048
5382043542594711552
5400951843722031104
5410106103546179584
5410181145214775296
5449406496994160640
5466322762224824320
5467628153814577152
5491162375489515520
5492219830847860736
5492292123737387008
5492383383202492416
5496843002549301248
5500170124969832448
5504707259265642496
5504708908533084160
5516959667593080832
5588977129624367104
5588982627182505984
5616011647925284864
5621826138831253504
5799642746596290560
5799685902427680768
5799699096567214080
5801855788792868864
5803100973749170176
5806408855471190016
5817776708589907968
5826714086994014208
5847050106167816192
5858222243280777216
5867117016934707200
5868428734541524992
5964126101726490624
5975259757895413760
5986580329648549888
5986602319881105408
5994445410310746112
6001126868484026368
6004527932843421696
6006794851143315456
6010288274278117376
6013589831627239424
6015863622814330880
6030325498918924288
6032749372923113472
6039343143886450688
6059805054977372160
6074409318525628416
6078800217422622720
6081099845874675712
6083501729528868864
6083503928552124416
6104892728364691456
6114763044666667008
6116114344406872064
6116144031220822016
6133041874833436672
6133961617232818176
6138415737897414656
6139645542391279616
6145226113825828864
6145249203570012160
6162271842960338944
6163359260010541056
6167924981675782144
6169077544773152768
6172189987330256896
6176815632966414336
6181231271210577920
6181241166815227904
6181243915594297344
6181258209245458432
6427880875908329472
6438135473151602688
6450330704777244672
6450332354044686336
6453871127655280640
6458249377219276800
6501023953254543360
6501036322760355840
6501038521783611392
6502157274982313984
6502188611063705600
6514712602319974400
6528215156123168768
6534893589381181440
6613641157472350208
6614931984106582016
6620545540789301248
6627096980689186816
6646205943527436288
6646246075701850112
6693625683509964800
6753168634086617088
6753178529691267072
6761067525670891520
6761102160287166464
6768932332528922624
6773575294785351680
6792788985535721472
6795018520356384768
6801753304390627328
6803931436824588288
6810626363042230272
6826509633256615936
6826518979105452032
7115727101928075264
7117972300259586048
7119209250824056832
7210375809562505216
7214960223277740032
7226250558846988288
7234010361220493312
7234070284604207104
7235258307521998848
7237290753843195904
7239590932504047616
7240888906181963776
7240890280571498496
7241864722718060544
7241904580014567424
7250854880565981184
7252031907662852096
7256530009765638144
7261125968201969664
7270182919921659904
7309481390180593664
7310648796248731648
7313857996231733248
7314046562475896832
7314995990196056064
7454674649474592768
7454687843614126080
7456975927328305152
7503044365288927232
7504313751580635136
7514359440004018176
7514359714881925120
7515422117975486464
7515422667731300352
7522381476890603520
7526897995662159872
7577306755723096064
7583192715874725888
7602110087788425216
7607823425923117056
7650681839569006592
7845294023597813760
7865569572366774272
7982663436583235584
