specobjid,d4000_n,d4000_n_err,lick_hd_a,lick_hd_a_err
299602652264687616,1.922581,0.03359761,-2.433488,0.841438
299602927142594560,1.158613,0.02594267,-0.05249673,1.361659
299616121282127872,1.98858,0.01535794,-2.308097,0.4053399
299617495671662592,1.81396,0.02975827,-2.110698,0.8068938
301771988756621312,1.498126,0.02274114,1.332484,0.7473258
301903655274047488,1.837296,0.01413967,-1.615915,0.4015055
301914650390325248,1.811457,0.01987635,-1.888822,0.5482559
301915200146139136,1.139702,0.02099163,2.891625,1.063639
307484231976642560,1.11789,0.01009575,3.419905,0.5235428
307486430999898112,1.26374,0.05799581,0.438821,2.528808
307497426116175872,1.661049,0.01685341,-1.874359,0.5490681
307498250749896704,1.09609,0.006097419,2.438557,0.3476207
307501824162686976,1.387055,0.02759133,4.314935,0.9713969
308548008738318336,0.994339,0.004390553,-4.081248,0.3385648
308549108249946112,1.112507,0.006261485,3.650962,0.3251184
308558728976689152,1.762296,0.01069401,-1.311586,0.3167756
308562027511572480,1.880062,0.006549899,-2.141937,0.2026201
309625530083207168,1.514186,0.01968019,1.224091,0.6505271
309641747879716864,1.814875,0.01457096,-2.35598,0.4262222
309787158292490240,1.758534,0.01957268,-1.415357,0.5619543
309796229263419392,1.851259,0.02663526,-2.270653,0.6971696
310815751403497472,1.377594,0.01763974,2.973171,0.6417248
310816576037218304,1.835794,0.008210348,-1.030305,0.252033
310817125793032192,1.597306,0.02021748,1.413731,0.6133704
310818500182566912,1.236411,0.03817998,4.093644,1.555061
310819874572101632,1.374166,0.01681198,2.246498,0.6200747
310826746519775232,1.476954,0.01299198,1.13435,0.4586796
310827296275589120,1.950519,0.03077623,-0.6175948,0.689083
310834717979076608,1.902053,0.01069649,-2.562383,0.308595
310868253083723776,1.976578,0.01370375,-2.633695,0.3651305
310869352595351552,1.935942,0.01274422,-2.465239,0.3535638
311963916404025344,1.29859,0.01727534,2.719947,0.7107884
311976011031930880,1.824025,0.0102448,-1.715336,0.3274885
311985082002860032,1.344163,0.01364946,2.613594,0.5600075
313007627682473984,1.868626,0.02114933,-2.750014,0.5924259
313020546944100352,1.943342,0.01385239,-2.036835,0.3837172
313164857845245952,1.755552,0.02644043,-1.301162,0.7368302
314223688952080384,1.364081,0.0346375,1.788526,1.313985
314224238707894272,1.790066,0.03724837,-1.509963,0.9710436
314224513585801216,1.908588,0.01794214,-1.97619,0.477355
315253375350368256,2.00948,0.009325264,-2.560974,0.2655132
315253650228275200,1.945631,0.01560192,-2.259483,0.4095479
315255849251530752,1.578514,0.01344265,1.540047,0.4310915
316448269645408256,1.537908,0.05473148,0.664728,1.75647
320969741638330368,1.117094,0.008579485,3.865953,0.4314665
320970016516237312,1.244323,0.02630022,1.698866,1.149094
320971665783678976,1.060341,0.008272011,1.269129,0.4759412
320981561388328960,1.251812,0.007411101,4.812673,0.3111605
325547834185115648,1.799039,0.03860781,-1.081852,1.000204
325550033208371200,2.032858,0.01997056,-1.668805,0.4796224
325550857842092032,1.362764,0.03334536,5.693821,1.182059
325554156376975360,1.862462,0.03757817,-2.155859,0.9556148
326605563548952576,2.007487,0.01795522,-3.349761,0.4699096
326648719380342784,1.700155,0.02952999,-1.261173,0.859803
326659989374527488,1.882091,0.008854849,-2.432007,0.2783801
326660539130341376,1.656493,0.02004713,-0.619914,0.6146273
326662188397783040,1.715659,0.02426366,-1.36854,0.7198479
326674008147781632,1.786114,0.02010767,-1.748626,0.5762043
341175186659239936,1.523474,0.05411981,1.35857,1.686266
341182058606913536,1.201378,0.02401917,3.671273,1.061734
341183982752262144,1.932195,0.01298997,-2.520535,0.3712201
342358810825877504,1.735815,0.02883673,-0.5881838,0.7613629
343516596637034496,1.386787,0.02036918,1.763509,0.7648085
343517971026569216,1.658309,0.01788872,-0.5127292,0.5529155
343519895171917824,1.876902,0.01276211,-1.250901,0.3623348
343539411503310848,1.804977,0.01771164,-1.178734,0.5007268
343559202712610816,1.820191,0.01487107,-1.868585,0.4384612
343563051003308032,1.231552,0.01598203,4.120695,0.7110691
344614734277928960,1.291933,0.008413104,2.291143,0.3751695
344688126679083008,1.71567,0.02356689,-0.1480729,0.6803741
344688951312803840,1.936758,0.008782883,-1.962706,0.2670404
344690050824431616,1.164599,0.005479235,3.462755,0.2804505
344692524725594112,1.603747,0.05445919,1.630092,1.593031
345746681934931968,1.674304,0.02911597,-0.8547598,0.8345752
345818425068644352,1.997175,0.01778245,-2.616414,0.4508686
345818974824458240,1.874132,0.01498986,-1.997815,0.4161065
345819799458179072,1.186753,0.009550366,1.190763,0.4817177
346783246505240576,1.90598,0.01588917,-1.978381,0.4286371
346785995284310016,1.389784,0.017314,0.955874,0.6558992
346786545040123904,1.260269,0.03331389,2.121677,1.437828
346787094795937792,1.899469,0.02282321,-1.296156,0.59214
346809085028493312,1.549153,0.02281042,0.633087,0.7222369
346809909662214144,1.245219,0.01991125,3.573115,0.8312684
346931130819176448,1.808373,0.009819763,-0.5754113,0.3051987
346937453011036160,1.430266,0.0210137,1.294878,0.782057
346939377156384768,1.484051,0.03461373,0.7253485,1.187149
346940476668012544,1.875845,0.01923951,-1.508653,0.5299274
347956980737927168,1.200572,0.01272057,3.275848,0.5608789
347965501953042432,1.994588,0.01588294,-3.105383,0.3985282
347965776830949376,1.557501,0.03933603,0.5978966,1.172778
347986667551877120,1.652327,0.00928326,-0.6513524,0.3042622
347987492185597952,1.5811,0.03708677,1.280029,1.091737
347996838034434048,1.89691,0.01143619,-2.055955,0.3185818
347998762179782656,1.284489,0.03091745,4.348913,1.237527
348000411447224320,1.972791,0.01483733,-2.172728,0.3850006
348024050947221504,1.943974,0.01579873,-2.529387,0.4084654
349090577159055360,1.36224,0.04584746,2.331916,1.655492
349091401792776192,2.016518,0.01895839,-2.193934,0.4665908
349091676670683136,1.356641,0.09924275,4.181087,3.552235
349101297397426176,1.191572,0.03726896,4.139912,1.65955
349149675909048320,1.420151,0.0477535,0.8718668,1.71999
354754980701300736,1.426227,0.05077579,4.865174,1.630255
354755255579207680,2.048778,0.01759908,-2.237232,0.4266744
367192393302173696,1.918705,0.01481911,-2.240525,0.4246179
367193217935894528,1.242841,0.0121607,5.347684,0.5129298
367193767691708416,1.870778,0.01775184,-1.473382,0.5009171
367195691837057024,1.339365,0.03744398,2.443027,1.474265
367196241592870912,1.928433,0.01402038,-2.34469,0.4003848
385088582836054016,1.846143,0.02686307,-1.499759,0.686845
385206505458132992,1.915145,0.02304653,-1.586691,0.5608882
385208979359295488,1.770075,0.02796771,-0.9662558,0.7643704
385209254237202432,1.671607,0.015497,0.1967616,0.4646094
385222723254642688,1.889163,0.01418873,-1.714159,0.3807354
408841887286323200,1.951023,0.02241571,-2.305384,0.5642501
408848759233996800,1.897523,0.01351483,-2.000411,0.3770859
486543547625924608,1.633477,0.03632246,-0.5127276,1.105199
486547121038714880,1.274023,0.02751517,2.584272,1.182399
486547670794528768,1.801914,0.01794825,-1.336281,0.5040009
486553992986388480,1.950495,0.01632246,-2.82721,0.4306351
487680442464495616,1.849197,0.01655005,-1.845518,0.4560958
488674126299424768,1.924927,0.01400744,-2.577022,0.3578452
488675500688959488,2.028938,0.009864756,-2.466672,0.2542061
488676325322680320,1.390247,0.02597154,1.039339,0.922911
488729101880813568,1.82682,0.01976779,-1.520179,0.5370756
488730201392441344,1.972645,0.009166179,-2.458815,0.2552377
488732400415696896,1.862082,0.0100746,-1.487378,0.2859057
488732950171510784,1.490306,0.01371184,0.8976952,0.4868094
488739822119184384,1.439274,0.008661116,2.649274,0.3220192
488743395531974656,1.907615,0.01656928,-1.617682,0.435726
488746968944764928,1.404992,0.01512295,2.030593,0.576494
488751641869182976,2.013836,0.008325555,-2.337775,0.2291416
489793703964076032,1.533303,0.008328645,1.680762,0.2952232
492032859293378560,1.955649,0.01192946,-2.143894,0.3348857
492041105630586880,1.962706,0.01271082,-2.468717,0.3519272
492043304653842432,1.668548,0.01667761,-2.865851,0.5462446
492045228799191040,1.779031,0.01023223,-0.8472401,0.3216308
494435292216846336,1.251344,0.02410991,4.621097,1.026668
494435841972660224,1.446625,0.01919281,-0.7871093,0.7633558
496593908269082624,1.939149,0.02323605,-2.024397,0.568812
496595282658617344,1.293602,0.0430944,-0.2295539,1.81284
496595832414431232,1.883511,0.05788054,-2.314184,1.378631
496596107292338176,1.972578,0.01895433,-3.071139,0.4810436
499938622892435456,1.684872,0.02137947,-1.48798,0.6343562
500037578938935296,1.789479,0.01525232,-1.581399,0.4649002
500038678450563072,1.941228,0.01534429,-2.951257,0.4401885
500051597712189440,1.660968,0.01338669,0.4074609,0.4374788
500064791851722752,1.519292,0.06913865,3.920053,2.097098
500065341607536640,1.769591,0.02703055,-0.4961015,0.7455227
500066166241257472,1.612059,0.0519336,2.262954,1.533749
500066990874978304,1.342355,0.03304818,5.739319,1.198476
500068090386606080,1.957065,0.01659625,-2.298003,0.4702431
500071114043582464,1.860627,0.01579729,-1.620667,0.4578237
500074137700558848,1.332909,0.04095536,1.717177,1.621211
500074962334279680,1.892867,0.01669018,-1.898388,0.474905
500075512090093568,1.282155,0.03812464,2.527751,1.556186
502209939305949184,1.766654,0.008765591,-0.2250136,0.2634149
502212138329204736,1.465267,0.02407446,0.4562973,0.8269039
502224782712924160,1.307104,0.02601823,2.331808,1.003726
502229455637342208,1.643689,0.02136179,0.9862273,0.6036147
502231104904783872,1.218035,0.03159634,3.772443,1.291829
502233303928039424,1.943812,0.01168898,-1.987315,0.3092086
502237152218736640,1.14794,0.01179981,3.030668,0.5725828
502245398555944960,2.006103,0.01255332,-2.402392,0.32683
502247872457107456,1.751233,0.02482389,-1.607435,0.6737224
502248697090828288,1.872096,0.01177422,-1.456481,0.3297772
502258867573385216,1.880594,0.02095124,-2.404926,0.5450861
502260791718733824,1.862695,0.02546465,-1.433263,0.6348427
502297900236171264,1.926269,0.01314777,-2.480909,0.3613536
502298449991985152,1.999046,0.007481046,-2.559622,0.218899
502298999747799040,1.543578,0.0286841,-0.05906269,0.9460292
502299274625705984,1.836983,0.009332025,-1.442257,0.2799569
502299549503612928,1.786556,0.01228872,-1.406856,0.3637408
502318790957099008,1.935844,0.01848851,-2.478293,0.4812212
503368549314619392,1.877107,0.02518887,-1.257229,0.6638551
503368824192526336,1.9101,0.01367564,-1.767967,0.3894989
503369373948340224,1.201497,0.0175655,3.845274,0.808794
503370198582061056,1.664415,0.03255181,-0.3544649,0.9913846
503422150506473472,1.704544,0.01184148,-1.236877,0.3961752
504415559648045056,1.274089,0.02642216,4.446717,1.020659
504416659159672832,1.835763,0.01688623,-2.21736,0.4772493
504419682816649216,1.93822,0.01328097,-2.641098,0.3755461
504466412060829696,1.923728,0.01307147,-2.335322,0.373536
504469985473619968,1.763111,0.02460018,-1.057792,0.6723744
504473009130596352,1.934783,0.01117556,-2.162649,0.3295183
504482080101525504,1.525538,0.01529349,1.09879,0.5077448
504494724485244928,1.268027,0.01779069,2.094158,0.7644089
504504070334081024,1.77415,0.01273887,-2.061931,0.4083731
504507093991057408,1.85221,0.01823876,-2.410841,0.5209424
505541734432794624,1.820141,0.02921915,-1.376249,0.7653749
505552179793258496,1.197057,0.01865893,3.458938,0.8097245
505557127595583488,1.876204,0.013323,-2.405364,0.3958625
505604406595577856,1.983273,0.01207304,-2.070538,0.3355635
505605780985112576,1.952465,0.01726344,-2.149937,0.4713669
505612927810693120,1.944584,0.02284962,-2.271813,0.5836591
505623373171156992,1.356611,0.02896925,3.17638,1.093069
505654709252548608,1.389342,0.02973111,1.854066,1.085475
525968461470394368,1.647066,0.01764337,0.1180115,0.5544098
525971210249463808,1.882745,0.01857834,-2.05384,0.5118368
526952799439710208,1.869892,0.01516377,-1.897303,0.4216309
526970391625754624,1.948816,0.01543049,-1.888448,0.3993534
526973690160637952,1.485932,0.02018469,1.914158,0.6759489
526973965038544896,1.786963,0.01942537,-1.092266,0.5352613
526975064550172672,1.207022,0.04062003,1.438676,1.951938
526976164061800448,1.209875,0.02471587,3.603598,1.083604
527027291352492032,1.606103,0.01137169,1.444743,0.3663584
527027841108305920,1.818369,0.01279039,-0.8128828,0.3657176
528110035444721664,1.190222,0.01956278,3.383986,0.877054
528110310322628608,1.551572,0.01423728,0.5377092,0.4777388
528111684712163328,1.265834,0.02238093,2.509205,0.9275455
528111959590070272,1.403698,0.008860005,1.97582,0.343879
532573228288206848,1.766948,0.0106008,0.0,-1.0
532574327799834624,1.947671,0.009698253,-2.751176,0.2675535
532575427311462400,1.900862,0.009336605,-1.815964,0.2585541
532590820474251264,1.85475,0.0193441,-2.001034,0.4990667
543902596016924672,1.923001,0.01552604,-2.137959,0.4335498
549484541505464320,1.746079,0.01900853,-0.3054242,0.5233916
549486465650812928,1.558378,0.03405901,1.248272,1.002279
549487015406626816,1.957939,0.009978526,-2.096453,0.2764774
549487840040347648,1.144913,0.007975192,2.817165,0.3972895
549488664674068480,1.36331,0.01172007,3.062676,0.4453754
551806710314985472,1.805808,0.0195868,-1.614788,0.5176166
551808909338241024,1.872475,0.02032948,-2.147456,0.5147917
551809733971961856,1.553776,0.01358105,0.4909854,0.4475208
551811932995217408,1.336486,0.01826684,2.155072,0.6945277
560770204905269248,1.36766,0.02474798,3.345647,0.8794129
560771304416897024,2.025604,0.01906655,-2.761435,0.454452
560772678806431744,2.019501,0.01176706,-2.195246,0.3052786
560785323190151168,1.636834,0.05207381,0.7089902,1.439289
560807313422706688,1.465366,0.02242392,1.116065,0.7815255
560822981463402496,1.57795,0.01932546,0.7765518,0.6194898
560823806097123328,1.817569,0.01336606,-1.191388,0.3810533
560834526335494144,1.984214,0.0142782,-2.160409,0.3745545
564241092447332352,1.276899,0.008381306,3.267496,0.3662085
564244940738029568,1.966038,0.008571141,-2.142875,0.249392
564245490493843456,1.183171,0.01115763,2.463454,0.536891
571992651620968448,1.90231,0.0740226,3.003232,1.466418
572012717708175360,1.539779,0.06984814,0.148974,2.207896
572013267463989248,1.818706,0.02753163,-2.225725,0.7113895
572015741365151744,1.93924,0.01700355,-2.7215,0.4504993
572017115754686464,1.447975,0.02532949,0.9811889,0.8676155
572017390632593408,1.235608,0.04124524,5.632815,1.655354
572019039900035072,1.878179,0.02054543,-2.804878,0.5502183
572023712824453120,1.973658,0.01781688,-1.997698,0.4495151
572023987702360064,1.838692,0.04072158,-1.22724,0.9971288
572024262580267008,1.874791,0.03107497,-0.658345,0.7420508
572026736481429504,1.884722,0.02592632,-1.388477,0.6349031
572028385748871168,2.016584,0.01675884,-2.456623,0.4252006
572031409405847552,1.892368,0.02126722,-2.065511,0.5557048
572040755254683648,1.198912,0.02209689,4.002162,0.9398908
573227678191085568,1.353238,0.01296928,1.763264,0.5290093
573238673307363328,1.813794,0.02003962,-1.831699,0.5627649
573239772818991104,1.287324,0.01411442,2.496692,0.59843
573249118667827200,1.97051,0.01075857,-2.058403,0.3141911
573251317691082752,1.946774,0.01766333,-2.00699,0.4697818
574301076535142400,1.876869,0.01447296,-1.636135,0.4204755
574302176046770176,1.858756,0.01304675,-1.847727,0.3966028
575447596563195904,1.209832,0.01784042,4.609288,0.7771957
575480307034122240,1.628801,0.03672428,1.094007,1.039475
590132663646447616,1.137625,0.03583397,5.939115,1.715088
590139535594121216,1.71304,0.02168426,-0.251002,0.6238686
590141184861562880,1.167145,0.007432452,2.530296,0.3750455
591186275160057856,1.746228,0.0146036,-0.3670223,0.440578
591189023939127296,1.170209,0.01459978,4.785951,0.6856166
594476559125997568,1.166773,0.01532853,4.785718,0.6766351
594585685655054336,1.350164,0.0114002,2.71331,0.4607964
594596955649239040,1.955101,0.008325081,-2.517149,0.2386365
594597780282959872,1.241771,0.01731947,3.254087,0.76958
594618945881794560,1.255405,0.00742441,1.619567,0.3448334
594619220759701504,1.511412,0.02221642,1.323051,0.7584421
594622519294584832,1.394807,0.03682978,3.271021,1.397341
594633239532955648,1.594846,0.02130323,1.531461,0.658276
595637093699446784,1.921866,0.01799316,-2.102823,0.4564345
595653586373863424,1.848706,0.01607298,-2.240594,0.4467397
595671728315721728,1.056547,0.004304184,1.079131,0.2616813
596744851681208320,1.124667,0.01199748,5.394174,0.5723007
596745401437022208,1.449702,0.008143216,2.656032,0.3071263
596759145332369408,1.275981,0.01730246,2.500225,0.7189165
596829239198640128,1.776431,0.009027763,-1.85437,0.3087738
596830613588174848,1.51461,0.02558175,0.7450911,0.8971692
596839684559104000,1.565514,0.01341453,1.608721,0.4502857
598979608511014912,1.55719,0.01424958,1.437311,0.4722881
598979883388921856,1.985988,0.02721819,-2.097192,0.631372
598980158266828800,1.866807,0.01482628,-1.821792,0.4146717
598983731679619072,1.914784,0.01336451,-2.229399,0.3773628
600172578643929088,1.850159,0.01540436,-0.9202595,0.4327028
600183573760206848,1.904362,0.01441155,-1.997748,0.4073477
600228653736945664,1.628302,0.01911831,0.08814517,0.617058
600229478370666496,1.671566,0.01008461,0.5346715,0.3387514
600248170068338688,1.883337,0.03346442,-0.3162153,0.8080297
600252293236942848,1.875775,0.008814878,-1.507418,0.2798391
601233332537157632,1.161041,0.01204781,3.64813,0.5625658
603484857925920768,1.493447,0.02968732,2.061991,0.9447666
603628344193345536,1.95596,0.01091284,-2.776225,0.3155632
605763320980465664,1.927953,0.02062571,-1.945861,0.5298699
605765520003721216,1.445512,0.03867986,1.894289,1.292503
605766069759535104,1.805417,0.0408898,-0.7677546,1.012853
606934025784813568,1.837681,0.02592974,-2.255605,0.6286111
608017044385851392,1.775973,0.02737859,-1.561178,0.7568366
608026665112594432,1.86326,0.01561453,-1.227288,0.4314941
608118749211420672,1.164263,0.01803065,4.876147,0.8382591
608127820182349824,1.573507,0.03301914,1.575976,1.002407
608128095060256768,2.006172,0.02553673,-2.684443,0.6178741
608128919693977600,1.852652,0.03215391,-0.8705176,0.8116097
608135241885837312,2.008025,0.01763947,-2.039022,0.4456917
608139639932348416,1.762588,0.0147926,0.08491053,0.4378285
608148436025370624,1.666823,0.02906964,-0.7973911,0.867966
608150635048626176,1.852253,0.066495,-1.324247,1.616969
608150909926533120,1.98799,0.02421623,-1.707848,0.5867848
611534932191242240,1.426772,0.01402186,1.853916,0.5282012
611535481947056128,1.894084,0.02913156,-0.8875547,0.7226329
611536306580776960,1.944095,0.01540036,-1.697975,0.4062031
612512126237435904,1.785601,0.06916006,1.626786,1.529294
612523121353713664,1.798282,0.01938925,-2.14569,0.545436
612524495743248384,1.808032,0.01153055,-2.150151,0.3602088
612565177673476096,1.515982,0.0166686,-0.5942528,0.5852803
612572874254870528,1.92116,0.01913802,-3.330022,0.508724
612576997423474688,1.813739,0.03238996,-2.028727,0.8300992
613665239073843200,1.263827,0.020264,0.04462963,0.8882664
613665513951750144,1.566322,0.01367737,0.9124535,0.4507106
613666338585470976,1.838542,0.01179562,-1.79492,0.3535649
613667438097098752,1.840549,0.01714565,-2.163594,0.4837172
613670461754075136,1.273232,0.03681349,3.917321,1.5164
613721589044766720,1.225521,0.008475065,2.892959,0.401291
613722963434301440,1.426804,0.01176389,0.9046127,0.4666728
613734508306393088,1.81139,0.01229539,-1.531569,0.3767141
613735058062206976,1.873115,0.01905249,-2.019782,0.5253839
618241402760882176,1.950145,0.02975824,-1.088886,0.7119606
619309852816074752,1.710106,0.01968282,0.183728,0.5684415
619310952327702528,1.174009,0.009975894,0.9753337,0.5237822
619321122810259456,2.125612,0.02082972,-2.580713,0.4760605
619343662798628864,2.025394,0.01362229,-2.212026,0.3659053
621507227357833216,1.79572,0.02242856,-0.5944712,0.5788017
621515198817134592,1.884547,0.009974979,-1.86432,0.2777894
621562202939222016,1.26501,0.009966221,2.842295,0.4233853
621590790241544192,1.926688,0.007325007,-2.146077,0.2158159
621595463165962240,1.747923,0.005778629,-0.1107248,0.1897639
621605908526426112,1.26105,0.007511907,2.894634,0.3353298
622648795422812160,1.595264,0.05325539,1.142483,1.516011
622658416149555200,1.432496,0.02240443,1.357773,0.7987804
622659790539089920,1.900477,0.0237089,-2.640317,0.5953676
622686178818156544,1.938465,0.01757289,-2.262474,0.4507667
622688102963505152,1.544542,0.05249118,0.679567,1.57691
622768642190239744,1.828459,0.02177525,-2.434368,0.6082824
622770566335588352,1.86993,0.03155649,-2.252481,0.822486
622771116091402240,1.666741,0.01596757,-0.4952076,0.4986336
626022371840518144,1.745555,0.03197673,-2.179754,0.864464
629467147222935552,1.464449,0.01452123,1.455463,0.516987
635024352324118528,1.317011,0.02004115,3.082601,0.7621273
635028475492722688,1.811291,0.01214755,-2.535179,0.3350063
635035622318303232,1.324623,0.008867647,2.224722,0.3549954
635036721829931008,1.147619,0.0150374,4.678404,0.6910067
635036996707837952,1.164435,0.01005849,2.868215,0.4739687
635037546463651840,1.88266,0.007513746,-2.51274,0.2176558
641878983394224128,1.91258,0.01954772,-1.559405,0.5210101
641880907539572736,1.309018,0.03377593,5.13291,1.256675
641891078022129664,1.300643,0.0193055,2.812324,0.8086362
641891902655850496,1.982806,0.009555004,-2.445419,0.2892846
642895757107554304,1.773046,0.03910622,0.08906513,0.9555554
644087902640302080,1.523549,0.01870452,-0.4168553,0.627764
644091476053092352,1.838197,0.02294759,-0.9291342,0.5641757
644091750930999296,1.884859,0.008512003,-1.991473,0.2588327
645200059255777280,1.424043,0.05609825,2.100605,1.968019
649755061756389376,1.992898,0.07869636,-3.000354,1.869942
649756985901737984,1.891039,0.04393994,-2.377291,1.188468
649766331750574080,2.0427,0.03480497,-1.643388,0.8475645
649767981018015744,2.140743,0.1127185,7.146625,2.536386
650941984088811520,1.818411,0.01271633,-1.87698,0.3756441
650943633356253184,1.463449,0.03421033,2.593019,1.142071
650944732867880960,1.383394,0.04778337,2.640188,1.665444
651930994781218816,1.247503,0.01119702,3.546663,0.4850641
651933193804474368,1.813385,0.01735253,-1.554542,0.4888789
651934293316102144,1.698063,0.01911251,0.1281621,0.5588033
651955733792843776,1.175024,0.01807262,2.320613,0.8462257
652002463037024256,1.588628,0.04850172,1.021354,1.479019
652005761571907584,1.906704,0.01790749,-2.744723,0.4883147
653028307889055744,1.591501,0.0386948,0.3436181,1.111127
653029682278590464,1.815354,0.01916124,-2.077054,0.5218791
653148704412297216,1.864229,0.01229927,-2.458396,0.3708702
653150078801831936,1.744949,0.01945924,-2.017019,0.5879259
653151178313459712,1.697036,0.02436626,-0.7979923,0.7206857
653154476848343040,1.198772,0.02508297,2.056969,1.173064
653194609022756864,1.865905,0.01679578,-2.392415,0.479134
653196808046012416,1.004136,0.0155345,1.740632,0.9869072
654155581984106496,1.577718,0.008950004,-1.188161,0.3183608
654157506129455104,1.339826,0.07305952,5.182974,2.560994
654160529786431488,1.465591,0.02752803,2.044038,0.8995377
654163003687593984,1.995018,0.01898014,-2.719346,0.4566573
654163553443407872,1.255739,0.01294151,1.705244,0.5733172
654164652955035648,1.024539,0.007243146,0.3811641,0.4649768
654167126856198144,1.920795,0.01246643,-2.393618,0.3313053
654167676612012032,1.280738,0.01179925,3.026213,0.487705
654168226367825920,1.235734,0.01721263,1.978987,0.7535297
654168501245732864,1.493517,0.02390404,0.1020355,0.789052
654169325879453696,1.774654,0.02265847,-2.45581,0.6082086
654169875635267584,1.897106,0.01291375,-3.009035,0.3419007
654176472705034240,1.662215,0.03287094,0.1985919,0.9598467
654178396850382848,1.599194,0.03293061,-0.1919421,0.9969673
654219903414331392,1.187082,0.004671745,3.417793,0.2284317
654231448286423040,1.487784,0.01237333,0.6259944,0.4426033
654231998042236928,1.037467,0.006805384,4.327631,0.391605
654246566571304960,1.821682,0.01970501,-2.394066,0.5432631
656457129649006592,2.001312,0.02521095,-3.312871,0.6346227
657686933304010752,1.758056,0.1170838,1.873008,3.257385
657696279152846848,1.604856,0.01138072,0.6621294,0.3935951
657697378664474624,1.683243,0.02288036,-0.8966419,0.7102501
658683365347584000,1.968187,0.01699302,-2.540241,0.447337
658694635341768704,1.132639,0.02660539,4.035869,1.258445
658754833603389440,2.002402,0.0117788,-2.924852,0.3363911
658757307504551936,1.466581,0.01127051,0.481466,0.4303441
659791398123366400,1.927292,0.01378342,-1.91524,0.379719
659793872024528896,1.928712,0.01834256,-2.180189,0.4892326
659800743972202496,1.749152,0.01568486,-3.056005,0.4778697
659875785640798208,1.586238,0.02936907,1.229775,0.9055941
659887055634982912,1.898338,0.02018463,-0.4005117,0.5145736
659887330512889856,1.288962,0.01121977,1.014489,0.5104603
660976396830533632,2.011932,0.02186271,-2.334044,0.5031269
660979970243323904,0.9792464,0.01956365,0.0,-1.0
662030828800337920,1.664162,0.05864218,-0.5660952,1.659298
662034127335221248,1.375773,0.09991005,-6.501348,4.17063
662051719521265664,1.836652,0.01382531,-3.113298,0.4023986
662063264393357312,1.972678,0.01435835,-2.563976,0.3894794
662064089027078144,1.786428,0.03224855,-1.009112,0.8133287
662066562928240640,1.910284,0.01982535,-2.102923,0.5141008
662067387561961472,1.826231,0.02410967,-2.281303,0.6557425
662085529503819776,1.794747,0.0273642,-1.963359,0.7471961
662087178771261440,1.947682,0.01229359,-1.992354,0.3457942
662142978986371072,1.807921,0.01224261,-1.101009,0.3787192
662143803620091904,1.282952,0.02708393,2.544811,1.14047
662155898247997440,1.685365,0.02781724,-0.1230774,0.7993671
662156173125904384,1.505528,0.02782458,1.520934,0.9239049
662162220439857152,1.897593,0.01000144,-1.492893,0.3052819
662162770195671040,1.471715,0.01828477,1.304881,0.6586472
662173765311948800,1.955403,0.01227874,-2.213432,0.3538066
662175139701483520,1.642956,0.03012454,-0.993251,0.9304773
662200153591015424,1.353983,0.01811871,3.75096,0.6890553
662202627492177920,1.507043,0.0409671,0.1043519,1.438824
663159752531929088,1.411733,0.01454075,0.3979051,0.550103
663166899357509632,1.906471,0.02382634,-3.044914,0.626242
663169373258672128,1.660626,0.03274252,-0.3280389,0.9644166
663170472770299904,1.917448,0.01655568,-2.731233,0.4894353
663170747648206848,1.892935,0.01994631,-2.372636,0.5341072
663171572281927680,1.851725,0.02631755,-2.150072,0.7079185
663176520084252672,1.820208,0.01160023,-1.722407,0.3495237
663181742764484608,1.842852,0.03186651,-1.424584,0.8001927
663238092735408128,1.995802,0.01996002,-3.577822,0.5120244
663239742002849792,1.440745,0.04872439,0.7315146,1.701894
663242215904012288,1.890166,0.01839599,-2.514594,0.5048618
663242765659826176,1.739611,0.02681227,-1.248103,0.7350459
663252936142383104,1.853409,0.01249303,-1.113993,0.3716265
663260907601684480,1.11603,0.0154246,3.193856,0.8046315
663318357084235776,1.202932,0.03184517,2.196526,1.49994
664404674606032896,1.997144,0.01627786,-2.441291,0.4298995
664427214594402304,1.368634,0.03593966,1.790074,1.374418
664437110199052288,1.957188,0.01869887,-2.681565,0.5011889
664446730925795328,1.946503,0.01823387,-2.521029,0.4907101
664447830437423104,1.929906,0.01834013,-2.434216,0.4888011
664448929949050880,1.524917,0.02016355,-0.7115634,0.7042106
664449754582771712,1.895045,0.01861969,-3.053015,0.5167564
664450304338585600,1.73049,0.05322842,0.4465283,1.389747
665464053472192512,1.890242,0.01207204,-2.32381,0.3395799
665470375664052224,1.676388,0.04394354,0.7180659,1.115212
665471750053586944,1.940253,0.01878387,-3.27509,0.4832526
665472299809400832,1.345885,0.01860196,1.387623,0.6987469
665479171757074432,1.076961,0.06058118,4.424264,3.015035
665483020047771648,1.78934,0.0212487,-2.50346,0.5847844
665530573925672960,1.949501,0.01125055,-2.683768,0.3171715
665535246850091008,1.920164,0.025507,-0.6163157,0.6065324
665558886350088192,1.86128,0.02645868,-1.108493,0.6689454
667726848469264384,1.791162,0.02351528,-1.169484,0.626436
667759009184376832,1.923114,0.01898545,-2.485386,0.4905473
667759833818097664,1.695128,0.01290521,-1.6157,0.4118296
667760108696004608,1.897873,0.03499712,-1.850154,0.8558211
667762582597167104,1.899397,0.02152302,-1.683304,0.5426542
667762857475074048,2.022571,0.01499235,-2.876229,0.3881444
669938241180297216,1.861315,0.02178166,-2.661969,0.5839923
669949511174481920,1.971066,0.01489894,-1.87473,0.4020927
669951160441923584,1.910762,0.01820868,-3.01832,0.4963594
669957757511690240,1.510692,0.02780024,1.749544,0.8745142
671074867147204608,1.459735,0.05362748,2.969429,1.704899
671081189339064320,1.341162,0.04770155,2.631831,1.771886
671081739094878208,1.137356,0.01650243,3.245558,0.819782
671082013972785152,1.46794,0.02110714,2.642622,0.7099618
671082563728599040,1.800555,0.01474662,-1.550406,0.4383364
671086961775110144,1.439527,0.01054594,1.203063,0.4074892
671100430792550400,1.719203,0.01158649,0.07929193,0.3659171
671100705670457344,1.890493,0.01265564,-1.348666,0.3618035
671155956129753088,1.454358,0.04907525,1.939549,1.644314
673449811357231104,1.599154,0.02623117,0.5485845,0.818851
673461631107229696,1.974869,0.01663987,-2.218036,0.4420051
674519361309927424,1.373489,0.02362174,2.08343,0.8965021
674520460821555200,1.690319,0.03563873,-0.03694944,0.9855296
675544106147014656,1.219862,0.01237729,2.067091,0.5623658
675544655902828544,1.319487,0.007328746,3.02166,0.3017653
675545205658642432,1.242304,0.01325703,3.100306,0.5666779
675553726873757696,1.195382,0.009217311,3.151195,0.4240683
676727180641724416,1.877989,0.01885688,-1.695058,0.5108246
676728005275445248,1.16812,0.007116816,-0.5768527,0.3845027
676730754054514688,1.235875,0.03545458,3.042642,1.498148
676731578688235520,1.440048,0.03291834,1.321509,1.153686
676740374781257728,1.724949,0.0251302,0.6984301,0.6630003
682318472968955904,1.574359,0.04874446,-1.705729,1.532103
682319572480583680,1.888601,0.01985103,-2.461797,0.502441
682320671992211456,1.982862,0.01648615,-2.178587,0.3947343
682322321259653120,1.541624,0.008101194,3.730823,0.26303
682322871015467008,1.957519,0.02309136,-2.454313,0.5550587
683519964350539776,1.849321,0.03706462,-1.793183,0.9218479
685811620974192640,1.625323,0.01229503,1.007079,0.3982173
685824815113725952,1.416542,0.01238866,1.86129,0.4691093
685841857543956480,1.205382,0.04797093,5.037835,1.99269
685842132421863424,1.373064,0.03520345,2.407526,1.225578
689130217582651392,1.297035,0.009829278,2.4921,0.4252768
696989801190025216,1.503038,0.02961497,1.136565,0.9304317
696990625823746048,1.68944,0.05123772,-0.009436334,1.329752
696992549969094656,1.824459,0.01160886,-1.505209,0.3347802
697001895817930752,1.219604,0.02012997,5.938818,0.7950112
700357330394441728,1.783783,0.02715282,-1.711701,0.7422276
700365026975836160,1.851598,0.01690388,-1.976964,0.4751436
700366126487463936,1.68526,0.01596488,0.3807261,0.4785469
700368600388626432,1.563974,0.04567251,-0.02285462,1.368654
700380420138625024,1.892867,0.02375931,-3.683835,0.6476845
703812822089361408,1.290354,0.01401495,2.654368,0.5946106
704816399851218944,1.410188,0.04645558,-1.209185,1.745279
704827120089589760,1.869811,0.02036676,-1.618248,0.5559797
705980234368837632,1.338157,0.02054259,2.540021,0.8103699
705995077775812608,1.290105,0.03123209,2.108441,1.302909
706012120206043136,1.406072,0.03044822,2.68599,1.076899
708274363819911168,1.667933,0.2623142,-7.967941,8.797351
708276287965259776,1.654586,0.009741756,-1.412949,0.3444418
708278761866422272,1.666142,0.02362907,0.02472913,0.6861991
708284809180375040,1.231585,0.01079861,3.634944,0.4881925
708285358936188928,1.706308,0.01247764,-0.6676886,0.4000379
709412358337882112,1.256887,0.03074098,5.034,1.237238
709412908093696000,1.741856,0.01862475,0.6653652,0.5145314
709413182971602944,1.472799,0.02217465,1.802215,0.7653415
709415656872765440,2.027552,0.008518348,-2.502164,0.2432636
710444250487089152,1.959231,0.01599785,-2.80601,0.4401787
710445899754530816,1.786839,0.03280506,-0.412384,0.8523701
710447549021972480,1.191412,0.02496134,2.281948,1.160157
711730678957369344,1.491399,0.01076016,0.6918755,0.3891225
712739481010071552,1.756707,0.02419177,-1.370388,0.6591288
712741405155420160,1.175262,0.01787818,3.212712,0.8186315
712744153934489600,1.086224,0.0556154,2.443691,3.046846
852413194533103616,1.951321,0.00973525,-2.247781,0.2810602
853472299360217088,1.665811,0.02173981,0.4542445,0.6396418
853474773261379584,1.927508,0.01796231,-1.817201,0.4779795
853478071796262912,1.765786,0.01751518,-0.6147563,0.5115612
853478621552076800,1.643139,0.02722986,-0.3692044,0.8372747
853481370331146240,1.711229,0.02747626,0.8912126,0.7667723
853547890784626688,1.698409,0.02288582,-0.4172136,0.6787243
853548715418347520,1.61449,0.01315663,0.2182329,0.4347104
853551464197416960,1.734892,0.01546338,0.6081671,0.4553591
853573179552065536,1.907236,0.02704587,-2.020056,0.7025287
858035272263165952,1.850285,0.02288588,-1.546489,0.6202332
858036371774793728,1.265969,0.04921453,4.257072,2.100756
858039945187584000,1.183016,0.02475964,4.950533,1.102444
858040220065490944,1.371164,0.01306869,2.490717,0.5114346
861426441370232832,1.920196,0.01710791,-2.569858,0.4712073
861468222812088320,2.053069,0.0115083,-2.544576,0.3249762
861471246469064704,1.961294,0.01145935,-2.105459,0.3320768
862513858252662784,2.051653,0.01324331,-1.910809,0.3294952
862537222874753024,1.907408,0.02659665,-0.5815402,0.6946212
865906164804642816,1.884298,0.03234933,-3.428246,0.8296564
865906714560456704,1.894141,0.02701938,-2.201958,0.6728357
865920458455803904,1.886167,0.01335099,-1.987019,0.376488
868092782315595776,1.886511,0.01672023,-1.330394,0.4441586
868094156705130496,1.947597,0.01822736,-1.928378,0.4615117
868094431583037440,1.891113,0.02792588,-1.388139,0.6800338
868094981338851328,1.954843,0.01522933,-1.894409,0.4005571
869212360114464768,1.815879,0.01554074,-2.117266,0.4584751
869212634992371712,1.783009,0.009049034,-1.118339,0.2933495
869224729620277248,1.314151,0.03349707,1.491199,1.289304
880504893364791296,1.983287,0.01499966,-2.321252,0.4052997
880505992876419072,1.771872,0.03479696,-2.091505,0.9746498
881675598454351872,1.554438,0.01878086,1.14335,0.609878
881678622111328256,1.881619,0.02770231,-0.9348758,0.6856055
881684944303187968,2.064162,0.01316637,-2.442089,0.3414535
881719853797369856,1.923171,0.01280298,-1.281359,0.3567549
881720128675276800,1.765354,0.006996488,0.4333365,0.2304166
881720953308997632,1.636685,0.00959211,2.07319,0.3152959
881722602576439296,1.930377,0.01358005,-2.369792,0.3822967
883980724816865280,1.948253,0.01704792,-1.869158,0.4611521
883982648962213888,1.679557,0.01130249,1.262318,0.3601341
885046151248635904,1.162126,0.01113373,2.969562,0.5631604
885056871487006720,1.546676,0.05979801,2.105448,1.83046
885064293190494208,1.703902,0.02208888,-0.04902616,0.6489671
886107454864123904,1.138339,0.03708977,1.858506,1.838552
886108829253658624,1.813385,0.02574022,-0.976351,0.6964892
886109928765286400,1.99418,0.01394982,-2.712404,0.3880904
886110753399007232,1.999113,0.0233078,-2.829343,0.597681
887347704282245120,1.979287,0.01235234,-2.547045,0.3228854
887349903305500672,1.815458,0.0142949,-1.480736,0.3883956
887350178183407616,1.856462,0.01929587,-2.254179,0.5018895
887350453061314560,1.924366,0.008333622,-2.429151,0.2417865
887351002817128448,1.903212,0.01990516,-2.419368,0.5112186
887356225497360384,1.601747,0.02073579,-0.2438129,0.641287
889517867085621248,1.293991,0.03562852,3.626819,1.35087
889518691719342080,1.733107,0.03467755,-0.9382016,0.9334596
889520890742597632,1.304885,0.008405907,1.856947,0.3643978
889531336103061504,1.697383,0.04341716,-0.2519015,1.177342
891784783707793408,1.965948,0.01531203,-2.099365,0.4083123
891785058585700352,1.720014,0.05520824,1.506975,1.371595
891796603457792000,1.982523,0.01851462,-2.748691,0.4867484
891798527603140608,1.904802,0.04112779,-1.898385,0.9854941
891800176870582272,1.543039,0.03460294,0.1913882,1.105252
891800726626396160,2.018909,0.01622909,-2.639152,0.42751
891874943661271040,1.875682,0.02617675,-2.232491,0.6983973
891878517074061312,1.943226,0.0201881,-2.335412,0.5366648
891883189998479360,1.23308,0.007969582,2.499624,0.3777116
914239285031364608,1.950622,0.01488348,-2.161429,0.4069861
914245057467410432,1.909606,0.01055958,-2.389834,0.319132
914245607223224320,1.999934,0.01157307,-2.557871,0.3301743
914254403316246528,1.817548,0.0116962,-2.334143,0.3588255
914259625996478464,1.849198,0.01657262,-2.073634,0.4641722
914272545258104832,1.960774,0.01952896,-2.755703,0.5039608
914402837385996288,1.383561,0.04709854,4.978477,1.711301
914403662019717120,1.325696,0.03502065,2.873151,1.338034
914405586165065728,1.99473,0.01587604,-2.834948,0.4288251
914406685676693504,1.395917,0.02385273,2.213917,0.9070051
915392123006642176,1.842571,0.06827641,0.577229,1.5217
915410814704314368,1.958176,0.03797514,-2.686385,0.9007905
915485031739189248,1.982773,0.01841527,-3.019268,0.4922181
915487780518258688,1.44153,0.04281987,2.118467,1.484893
915491903686862848,1.67144,0.0344308,-0.5368677,1.032306
917629629504710656,1.908986,0.01874965,-3.660991,0.5102643
917740405301209088,1.246443,0.02233252,1.689287,0.9928421
917742879202371584,1.285522,0.02157165,0.503226,0.9498372
917745353103534080,1.883242,0.009488694,-1.07533,0.2984142
918842940669847552,1.888297,0.02198927,-1.516695,0.5904801
918850087495428096,1.930505,0.01030603,-1.851109,0.3113801
918852011640776704,1.831836,0.01633334,-0.8660357,0.4682384
918872352605890560,1.877729,0.02399426,-2.049399,0.6493031
918886371379144704,1.9765,0.01627745,-2.623657,0.4462225
919860538714908672,1.751489,0.02256837,0.3821355,0.6286003
919868510174210048,1.935382,0.009562181,-1.834309,0.2886399
919870159441651712,1.474048,0.0216189,2.238595,0.7417144
919871258953279488,1.267161,0.03114701,6.336329,1.20316
919872633342814208,1.922013,0.01096766,-1.879029,0.3244127
919873732854441984,1.1465,0.008266549,2.094821,0.4367147
919874007732348928,1.194353,0.009941678,2.074154,0.4840991
919876481633511424,1.358171,0.03747125,3.022013,1.367255
919883628459091968,1.163774,0.01581317,4.931906,0.7251602
919923210877691904,1.933137,0.01264765,-2.377531,0.3595227
919923485755598848,1.304857,0.01802533,4.374268,0.6986672
919933656238155776,1.634435,0.02702111,1.312097,0.7803075
919936954773039104,1.488106,0.04722029,1.891318,1.450866
919945475988154368,1.745752,0.01559313,-1.000492,0.4660991
919946300621875200,1.547606,0.0106472,0.4921671,0.383063
920029588627679232,1.827301,0.02606795,-1.151089,0.7151529
920030413261400064,1.864186,0.01498528,-1.19603,0.432091
921081546612434944,1.79591,0.009407831,-0.01443125,0.2924991
921091167339177984,1.738562,0.02412292,-0.1736936,0.6916462
921102437333362688,1.236212,0.02637859,5.089601,1.192913
921148341943822336,1.599029,0.01866725,0.2736074,0.5923593
921149441455450112,1.707022,0.02454407,-1.129712,0.7268554
921149716333357056,1.819675,0.01609208,-1.985741,0.4699485
933465619293038592,1.214678,0.0135937,2.380582,0.4182207
933472766118619136,1.959491,0.01613163,-1.956147,0.4252959
933477988798851072,1.953114,0.01349021,-1.554054,0.36022
933478813432571904,1.905814,0.01135691,-1.63809,0.3207284
933481012455827456,1.223951,0.01147083,3.75006,0.5118338
933481562211641344,1.878467,0.01830949,-2.185718,0.492937
933482936601176064,2.014607,0.01242722,-2.3185,0.3284342
933486235136059392,1.434122,0.01861328,1.953242,0.6682498
933491457816291328,1.466102,0.01200325,0.94292,0.4379518
933493107083732992,1.410926,0.05073586,2.399519,1.808998
933541760473262080,1.466248,0.03040014,3.699724,1.003389
933542035351169024,2.070737,0.01054381,-2.907931,0.2902861
933543959496517632,1.896539,0.008154362,-1.198704,0.2504459
934531870643742720,1.280128,0.0228316,3.690355,0.8889605
934533519911184384,1.939753,0.01704549,-1.991243,0.4423231
934534344544905216,1.297792,0.01199395,2.106924,0.4986037
936778997851777024,1.907544,0.01145158,-1.499065,0.3305498
936780372241311744,1.431806,0.0178675,1.815609,0.6341133
936790267845961728,1.593431,0.01993629,0.4621227,0.6406723
936798239305263104,1.930733,0.01214473,-2.2652,0.3486056
936900768764553216,1.706947,0.01619878,-1.12413,0.5069933
936901593398274048,1.201605,0.01106429,6.051985,0.4998767
936912313636644864,1.219426,0.02283554,2.343844,1.055797
939037119924430848,1.566612,0.03692772,2.110369,1.094828
939037669680244736,1.748456,0.02320904,-0.3445056,0.6369432
939050863819778048,1.702056,0.01110203,-1.13523,0.3627258
939052238209312768,1.245407,0.02295971,4.407587,0.9470614
939061309180241920,1.30074,0.02026283,3.562352,0.8075556
939124805976745984,1.426437,0.04468789,2.403876,1.523192
939125355732559872,1.159917,0.009386652,3.654055,0.4615042
939145146941859840,1.474321,0.02287166,2.78992,0.7696322
939158341081393152,1.651698,0.01714898,1.981502,0.5221238
940164119510673408,1.938126,0.01399204,-2.240831,0.3674655
940177588528113664,1.566855,0.05618995,-2.730966,1.781708
940178962917648384,1.794183,0.02670598,-1.116157,0.6764361
940179787551369216,1.92451,0.01334704,-2.071789,0.3428887
940181711696717824,1.820292,0.02205462,-2.346727,0.5753239
940182261452531712,1.890661,0.02535492,-1.018252,0.6012727
940184460475787264,1.716569,0.0271397,-1.174188,0.7375388
940191332423460864,1.430889,0.04589177,2.647747,1.500655
940214147289737216,1.874647,0.04506887,-0.8153581,1.017659
940224042894387200,1.948787,0.01208,-2.071841,0.3332855
940224867528108032,1.38448,0.04026429,-0.664571,1.575927
941318607558699008,1.925493,0.01474847,-2.747092,0.4029334
941320806581954560,1.370211,0.04514264,1.293923,1.615113
946984665837758464,1.744917,0.03336142,-2.189469,0.978372
946986315105200128,1.856949,0.05399371,-2.496976,1.334297
946993461930780672,1.918207,0.01647602,-2.437776,0.4601783
946993736808687616,1.835559,0.02238961,-1.725546,0.6189141
955900606701135872,1.253872,0.02864025,2.386404,1.205172
955901156456949760,2.133887,0.06334511,-3.248194,1.230541
955902805724391424,2.069905,0.04196142,-1.764784,0.887359
955904454991833088,1.300039,0.01092097,2.594607,0.4526181
955913525962762240,1.657692,0.01427284,1.519261,0.4243813
955914075718576128,1.240537,0.01099417,3.369962,0.4802504
958190613486921728,1.933754,0.01626739,-2.333774,0.4358148
958193362265991168,1.891263,0.01452168,-1.378886,0.399938
958193912021805056,1.518496,0.01678263,0.7195011,0.5670645
958204357382268928,1.54767,0.01592301,1.223529,0.5214943
960564733935642624,1.747414,0.01485285,-0.2089923,0.448761
960565283691456512,1.703323,0.02098405,-0.1744656,0.6358564
960568032470525952,1.926989,0.01271748,-2.618011,0.3704243
961533403662936064,1.421536,0.01028423,-2.239888,0.4335483
961534503174563840,1.288623,0.02351412,4.010243,0.9513687
961612293622228992,1.292571,0.006813568,1.58645,0.3074601
961615317279205376,2.005229,0.01010934,-2.128436,0.2862862
961627686785017856,1.20949,0.01223839,3.937659,0.5676699
962725824056813568,1.617002,0.03424952,1.193151,1.005559
966133759357249536,1.184294,0.009548332,4.818619,0.4465229
966134034235156480,1.382643,0.01513772,3.72904,0.565301
966137607647946752,1.162229,0.00939013,3.439676,0.4669187
966155474711898112,1.75395,0.02864657,-1.255022,0.7784005
967183518100645888,1.643879,0.01130822,-0.5113665,0.3815787
967226124176222208,1.893306,0.01616231,-1.623364,0.4479492
967230247344826368,1.792111,0.01455942,-1.305122,0.4377928
972921319580526592,1.514687,0.01047547,1.481229,0.3841567
972932589574711296,1.154567,0.01314016,3.352773,0.6428851
973981523717941248,2.044893,0.02181109,-2.432089,0.5166366
973983172985382912,1.33408,0.009728434,2.301161,0.4008679
979633013518264320,1.554678,0.01311974,2.838279,0.4368377
979634113029892096,1.848917,0.01542693,-1.584715,0.4428965
979643184000821248,1.792202,0.02578394,-1.033809,0.7215434
979646482535704576,1.384209,0.01374504,1.906769,0.5480803
981788331421493248,1.202525,0.0186581,5.745513,0.7929441
981802075316840448,1.33072,0.01794656,2.293572,0.7091406
981817468479629312,2.049536,0.01541726,-2.576849,0.3978789
981827089206372352,1.825372,0.01781141,-0.8053574,0.488984
982956018390558720,1.888168,0.02218661,-2.470607,0.59543
982957392780093440,1.353889,0.02865807,2.352923,1.065877
982958767169628160,1.85566,0.01948149,-1.931635,0.5339244
982964539605673984,1.877745,0.01630708,-2.328821,0.4685313
984114073375369216,1.815977,0.03109576,-1.61118,0.7837261
984115447764903936,1.85433,0.05136072,-3.738392,1.283808
990871672326219776,1.296129,0.03186046,4.426068,1.199223
990871947204126720,1.973629,0.01270455,-2.674283,0.3601821
990872496959940608,1.910635,0.01843052,-2.688649,0.4992018
990873871349475328,1.941232,0.01433076,-1.8281,0.3957678
995307102350108672,1.788637,0.02984123,-1.126198,0.8020047
995307377228015616,1.794747,0.02765707,-1.684759,0.7522728
995309576251271168,1.31434,0.0247299,3.149966,0.9774992
995442342280325120,1.204592,0.01640079,4.458626,0.7538871
995443166914045952,1.923767,0.04024041,-1.44021,0.9644377
995443716669859840,1.197651,0.009804552,3.902342,0.466509
1003298356384000000,1.402068,0.03971061,3.000472,1.368925
1003299730773534720,1.89503,0.01461274,-2.159254,0.4171322
1003321171250276352,1.378888,0.0258106,1.540024,0.9773638
1003322270761904128,1.839733,0.0118214,-1.916753,0.361207
1007744506478487552,1.659285,0.02960923,-0.8292677,0.8576835
1007746155745929216,1.94309,0.009835763,-2.328038,0.285969
1007786837676156928,1.614908,0.02667143,-0.2899777,0.8351853
1007788212065691648,1.620315,0.006016043,1.681768,0.218404
1007796733280806912,2.007189,0.01201406,-3.163934,0.3361137
1007797008158713856,2.001109,0.01087095,-2.463108,0.3049942
1007799482059876352,1.52448,0.02256093,1.617814,0.7350215
1007800856449411072,1.360802,0.04302337,2.41793,1.61086
1007810477176154112,1.756868,0.01504453,-0.9876413,0.4442641
1011209342914947072,1.814278,0.01807019,-1.472606,0.5014325
1011211541938202624,1.907727,0.0119096,-1.975298,0.3372324
1012255253585750016,1.648286,0.01428999,0.004572157,0.4548529
1022324851806857216,1.991403,0.02313701,-2.392663,0.5684929
1023501054471333888,1.361273,0.0167709,1.700584,0.6541712
1023504353006217216,1.108078,0.01139557,4.173876,0.5757408
1023504902762031104,1.902205,0.01850907,-2.027021,0.5015089
1023506277151565824,1.620083,0.02866579,0.3611434,0.8569657
1029182786545674240,1.43627,0.02651681,2.385214,0.9721509
1029194606295672832,1.797668,0.01046783,-1.388616,0.3218004
1029215771894507520,1.286237,0.01941944,1.796268,0.8687906
1035844722297432064,1.946529,0.0301804,-2.250316,0.7263986
1035846646442780672,1.359493,0.06281347,1.86697,2.27948
1035847471076501504,1.974976,0.020938,-3.094707,0.5400483
1035848020832315392,1.362694,0.04486064,2.804189,1.589619
1035849120343943168,1.530887,0.05364772,-1.481624,1.644136
1038135280147654656,1.046748,0.01656017,2.30687,0.9352475
1038138028926724096,1.083533,0.009169272,2.151513,0.5096553
1038139128438351872,1.125911,0.01259187,3.798628,0.6200283
1038140227949979648,1.325773,0.02009095,1.521068,0.7951751
1038152322577885184,1.227714,0.02847024,3.184624,1.220241
1038213895229040640,1.916163,0.02775876,-2.192893,0.6974673
1038216918886017024,1.823989,0.02750386,-1.380366,0.7177644
1038218018397644800,1.270794,0.03052037,3.381598,1.213771
1038218293275551744,1.949133,0.01761607,-2.58788,0.4669904
1038219667665086464,1.851798,0.02538886,-1.704718,0.6679221
1038220492298807296,1.841159,0.02246223,-2.096244,0.6115964
1045999814543697920,1.501014,0.01261184,3.454646,0.4133347
1046000089421604864,1.412638,0.006098874,3.302389,0.2421072
1046001188933232640,1.576258,0.01023406,1.192738,0.3428833
1046006686491371520,1.970055,0.009461723,-2.661983,0.2870211
1046007786002999296,1.58903,0.01461493,0.6258715,0.4777133
1046008610636720128,1.324563,0.01032258,2.273931,0.425324
1046013558439045120,1.881787,0.01140062,-1.611521,0.3366333
1046024003799508992,1.755532,0.02454644,0.1439374,0.6601797
1046065785241364480,1.732027,0.01413668,-1.941676,0.4446215
1056106252679014400,1.731075,0.01370469,-0.7562938,0.41791
1056109551213897728,1.347456,0.02729498,1.936141,1.072073
1056110100969711616,1.238646,0.02291659,4.382421,0.9889767
1056110650725525504,1.927049,0.01125586,-2.29397,0.3336577
1056117522673199104,1.275939,0.01499101,1.958671,0.6294494
1056117797551106048,1.974498,0.01737225,-2.581154,0.4566461
1058379767209814016,1.218899,0.01873329,1.184525,0.8693302
1058382790866790400,1.05432,0.01569045,5.013522,0.8366168
1058383340622604288,1.917767,0.01440613,-1.558397,0.40313
1058406155488880640,1.393748,0.02084731,4.45793,0.7141972
1059584007974447104,1.602894,0.01619296,0.1738758,0.5467916
1059595827724445696,1.168666,0.01020579,4.915374,0.5045582
1059596927236073472,1.935921,0.01218537,-1.982264,0.3542269
1059620291858163712,1.178658,0.008783632,2.945714,0.4480839
1059623040637233152,1.787452,0.009052095,-1.016614,0.2983059
1063976006215297024,1.374537,0.02301114,1.713113,0.8589644
1063976281093203968,1.949645,0.01351118,-1.616317,0.3595707
1063980129383901184,1.39151,0.04267171,5.196948,1.442871
1063993873279248384,1.65228,0.04227187,-0.2705104,1.201762
1073141805979035648,1.644642,0.01213551,-0.3014564,0.4085626
1073142080856942592,1.326138,0.01670814,2.689384,0.6686848
1074136589023602688,1.543444,0.02410045,0.1428439,0.8205651
1074202284843362304,1.664328,0.01734058,0.9033909,0.5218423
1074202834599176192,1.879524,0.01484717,-2.146284,0.4259551
1075317464578942976,1.857454,0.03041939,-2.633403,0.7737299
1075320488235919360,1.800301,0.0261634,-1.215798,0.6924191
1075320763113826304,1.499226,0.02690267,1.541218,0.8764256
1075321037991733248,1.391597,0.05136067,-0.0923418,1.934232
1075358696264984576,1.912899,0.03170625,-2.669211,0.7888116
1075379861863819264,1.631154,0.06430101,0.75118,1.794977
1075380961375447040,1.432668,0.03238879,0.4690562,1.192641
1075382885520795648,1.884802,0.01996798,-2.324412,0.5432578
1076415876560873472,1.837793,0.02368468,-1.645501,0.6134394
1076416151438780416,1.922463,0.01719786,-2.267765,0.4636313
1076416976072501248,1.809332,0.03520937,-1.121417,0.8574679
1076418350462035968,1.689897,0.02825316,-0.997511,0.769476
1076418900217849856,1.860934,0.02051139,-2.185922,0.5507616
1078711382112757760,1.868533,0.01936454,-1.436711,0.5261139
1078715505281361920,1.223678,0.02141825,3.775278,0.944197
1078716329915082752,1.794945,0.0314748,-1.917098,0.8298491
1078727050153453568,1.98031,0.01247521,-1.867851,0.3374057
1078729249176709120,1.464624,0.04437909,1.324961,1.493045
1084347207747921920,1.507913,0.03436005,1.650696,1.114046
1084348307259549696,1.255554,0.02072208,4.417308,0.8710627
1084350506282805248,1.418797,0.008651258,2.384991,0.3471382
1084351056038619136,1.824318,0.02387512,-2.180495,0.6585507
1087629799695869952,1.913253,0.01577168,-1.965971,0.440276
1087630349451683840,1.824064,0.04942864,-2.044617,1.253657
1087637496277264384,1.883255,0.02368346,-1.740358,0.624773
1087638870666799104,1.868776,0.02036801,-2.200419,0.5663118
1087652339684239360,2.00389,0.01468618,-2.814982,0.405304
1088798580455532544,1.951576,0.0119934,-2.79009,0.3455312
1088808201182275584,1.480581,0.01125598,1.287373,0.4044321
1088818646542739456,1.80623,0.0208735,-1.576022,0.5561026
1088819471176460288,1.863925,0.02810301,-1.635473,0.6948743
1088825518490413056,1.502922,0.03099014,1.496307,0.9857594
1088829916536924160,1.942669,0.009807768,-2.455909,0.2927692
1093376122374088704,1.390141,0.02891812,3.049713,1.077178
1093381619932227584,1.953999,0.02076331,-1.701595,0.5412896
1093382719443855360,1.406521,0.01358961,1.263439,0.531397
1093404159920596992,1.474841,0.01280555,1.121829,0.4830782
1096636720465602560,1.294914,0.02067276,3.924397,0.8310528
1096668881180715008,1.812878,0.02983142,-0.423262,0.7878897
1096674928494667776,1.981614,0.02690484,-2.122494,0.6520565
1096768661860935680,1.948752,0.01778246,-2.501753,0.4813009
1097879168336553984,1.61768,0.02231882,-0.2238905,0.6886191
1097883016627251200,1.769897,0.01606322,-1.506015,0.4778725
1098937998067656704,1.572755,0.009488167,0.9079559,0.3230428
1098949817817655296,1.464718,0.02635402,3.433051,0.8416473
1101163410072037376,1.591106,0.03080733,0.3168871,0.9221537
1101164234705758208,1.854247,0.02625275,-2.06873,0.6813416
1101165059339479040,1.881202,0.02817878,-1.858661,0.7174716
1101165883973199872,1.421205,0.05726992,4.206366,1.78714
1101190622984824832,1.498697,0.0408552,0.522919,1.338488
1124917812305881088,1.429147,0.01058589,2.246849,0.40241
1124919461573322752,1.560592,0.02419954,-1.004019,0.799817
1124920561084950528,1.695234,0.03919286,0.8998449,1.042581
1127181707317897216,1.276325,0.005224435,3.012007,0.2451543
1128191608345356288,1.194021,0.01166494,4.523758,0.5328623
1128199579804657664,1.743973,0.03070198,-0.6654386,0.8564079
1128200679316285440,1.765904,0.02686416,-0.5159695,0.7385002
1129364237412493312,1.946635,0.01441278,-2.337029,0.3889117
1129364787168307200,1.891599,0.02702396,-2.485152,0.6915889
1139534445225732096,1.59245,0.04483375,-0.4996711,1.337211
1139554236435032064,1.368689,0.01192109,2.270445,0.4785233
1139558909359450112,1.117779,0.007397019,3.720263,0.3890508
1140652374646351872,1.273199,0.02917884,3.489209,1.184706
1140655948059142144,1.937211,0.01767592,-1.953105,0.4777356
1141796691372959744,1.907763,0.009103194,-1.677389,0.2876881
1141802188931098624,1.826568,0.01613318,-1.865816,0.475026
1141815108192724992,1.209865,0.00687323,3.800646,0.3229158
1141822529896212480,1.74646,0.009809407,-0.01561031,0.3195801
1142893729552558080,1.457526,0.0245114,2.529292,0.8520622
1142921492221159424,1.714203,0.0192272,-1.418021,0.5905526
1147413821401360384,1.791882,0.02543167,-1.621526,0.6940705
1147416845058336768,1.520767,0.03213596,0.3861747,1.076861
1147417394814150656,1.947247,0.01451367,-2.447373,0.4097376
1147436361389729792,1.829317,0.02140407,-0.3999481,0.5799331
1147436636267636736,1.238859,0.01398413,2.724807,0.6375868
1147438010657171456,1.855166,0.01357246,-1.654575,0.4083527
1147439659924613120,1.824185,0.03539565,-2.459057,0.9444748
1147440209680427008,1.775947,0.02089248,-1.700368,0.6185486
1168857870985357312,1.589426,0.05797547,2.828542,1.706718
1168859520252798976,1.98963,0.02123649,-3.126998,0.5563589
1169822693009156096,1.91883,0.0154887,-1.739888,0.4292435
1169822967887063040,1.889816,0.01294612,-2.113016,0.3710764
1169823517642876928,1.698916,0.01894164,-0.7224597,0.5552194
1169836986660317184,1.748585,0.01673472,-0.7094004,0.4935225
1169903781991704576,1.919926,0.02551234,-3.127302,0.6749095
1169905706137053184,1.948901,0.01396947,-2.083503,0.3872748
1169916426375424000,1.200689,0.02133983,3.586263,0.9835071
1169952710259140608,1.865077,0.01597991,-1.851123,0.4611172
1169953809770768384,1.204136,0.02086791,5.037063,0.9477006
1169956008794023936,1.58863,0.029152,1.4668,0.9013922
1169956833427744768,1.95563,0.01321232,-2.513978,0.3810799
1169965904398673920,1.868668,0.01170935,-1.396535,0.3511318
1170948043411843072,1.673079,0.044925,0.03028064,1.257073
1170957664138586112,1.923553,0.01370839,-2.904481,0.3904353
1170959588283934720,1.651782,0.03918784,0.8620403,1.09493
1171020336301369344,1.357279,0.01782239,1.212394,0.697086
1171020611179276288,2.074937,0.01623502,-2.658513,0.405313
1171088506022291456,1.31587,0.03720165,4.588569,1.391016
1172076692131309568,1.043151,0.01766638,0.351294,1.046347
1172089611392935936,1.266652,0.02581489,3.135522,1.043711
1172104179922003968,1.293687,0.01475149,3.978515,0.5884984
1172142937706883072,1.352753,0.04837414,1.163839,1.784182
1172146785997580288,1.97023,0.01454183,-2.662507,0.3966587
1172155856968509440,1.561651,0.01261213,2.200397,0.4208935
1172159705259206656,1.474991,0.03457993,1.754085,1.142944
1173274884944455680,1.641776,0.01151975,1.283809,0.3752067
1180106700628191232,1.850957,0.01126959,-2.157399,0.3543455
1180115496721213440,1.784311,0.01958519,-1.082331,0.5767231
1180116871110748160,1.154934,0.0132779,3.198839,0.6703512
1181082517449500672,1.729314,0.01885617,-1.614134,0.5664651
1181093512565778432,1.77912,0.03108043,-1.256156,0.8519768
1181168279356467200,1.272682,0.03025346,2.985539,1.270012
1181225179083204608,1.288935,0.02475477,3.207945,1.041442
1182290880225110016,1.304511,0.03194426,1.840737,1.358842
1182292254614644736,1.840435,0.04869084,-2.845284,1.294203
1182366746527426560,1.306587,0.03110314,2.460721,1.277461
1183431344416385024,1.883277,0.02254936,-1.947125,0.6121597
1183442339532662784,1.471755,0.06038062,3.405859,1.949477
1183443164166383616,1.686496,0.02891182,0.7044991,0.8375901
1183447287334987776,1.590932,0.01706375,1.849702,0.5384505
1184510789923399680,1.516396,0.009716062,-1.087615,0.3645671
1184522059917584384,1.938349,0.01525122,-1.5028,0.4023365
1184523709185026048,0.0,0.0,0.0,-1.0
1184532505278048256,1.782189,0.02384409,0.5902333,0.6358657
1184560542824556544,1.978155,0.022631,-1.43842,0.5409568
1184561367458277376,1.947366,0.01847243,-2.881977,0.4861709
1184569064039671808,1.834908,0.02330181,-2.830062,0.6459146
1184570438429206528,1.693133,0.0156972,-0.2706608,0.4828278
1184584457202460672,1.432002,0.01024741,2.12926,0.384813
1184585556714088448,1.907447,0.01559282,-2.545999,0.4275246
1184587755737344000,1.234335,0.01560266,3.452814,0.6891908
1184599575487342592,1.097091,0.006053889,1.124041,0.3528221
1184600674998970368,1.443525,0.007696325,1.495095,0.3032779
1185581989160314880,2.061882,0.01544852,-2.84302,0.3987402
1185721627137042432,1.325982,0.0175073,2.063668,0.7014962
1185732897131227136,1.992451,0.0115824,-2.290077,0.3325341
1185733172009134080,1.914174,0.01272178,-1.680053,0.3685918
1185734546398668800,2.037157,0.01526287,-2.650568,0.4277445
1185736745421924352,1.626095,0.01954512,-0.5887921,0.625204
1186819765180590080,1.426417,0.02499683,0.7349296,0.9024684
1186821964203845632,1.117524,0.00885059,4.374669,0.4491874
1187991298930403328,1.993704,0.01118694,-2.261848,0.3349375
1187993497953658880,1.730828,0.03174632,-0.8045017,0.9234637
1187993772831565824,1.877327,0.01547457,-1.928852,0.4503027
1187994322587379712,1.414109,0.009800981,1.993358,0.3950742
1190183721106434048,1.882232,0.01457031,-2.098783,0.427632
1190184545740154880,1.965672,0.02139279,-2.65477,0.5512152
1190186195007596544,1.890166,0.02280148,-1.460643,0.5984071
1190194166466897920,1.914824,0.01570658,-1.5503,0.4327948
1190207635484338176,1.90865,0.02263107,-1.06384,0.5765702
1304921060465993728,1.755552,0.04605773,-1.450047,1.201185
1304923534367156224,1.220367,0.04657497,2.476779,2.045821
1304932880215992320,1.924371,0.01635927,-3.399411,0.4603125
1304933155093899264,1.671589,0.0247001,-0.7082271,0.751926
1305074992093882368,1.359484,0.01261255,2.2824,0.510081
1305076366483417088,1.734525,0.02723781,-0.8402013,0.775727
1305083513308997632,1.959785,0.01217171,-2.586108,0.3535744
1305086536965974016,1.401537,0.04483145,2.625453,1.544465
1307201997908240384,1.887256,0.01640419,-2.155048,0.4624988
1307202822541961216,1.385289,0.03756421,1.213597,1.391043
1307211343757076480,1.921749,0.01908856,-2.083231,0.5147536
1308397991094151168,1.790339,0.02415813,-0.9921958,0.681405
1308402114262755328,1.39184,0.03694321,-1.468525,1.524738
1308413934012753920,1.211735,0.01363592,3.721021,0.6223875
1309552203442186240,1.91372,0.01767834,-2.320809,0.4960303
1309556326610790400,1.352606,0.02914013,2.698642,1.114564
1309557701000325120,1.970165,0.01205937,-2.197473,0.3484341
1309558525634045952,1.770573,0.02652221,-2.651264,0.7738131
1312822152398923776,1.816824,0.01585955,-1.560111,0.4345972
1312826275567527936,1.519509,0.05104205,1.330295,1.545798
1315157514760775680,1.576622,0.02182284,0.9616277,0.730735
1315167135487518720,1.65705,0.0433384,0.1496115,1.276819
1315167685243332608,1.374509,0.01945027,2.514829,0.756291
1315169884266588160,1.983145,0.01434808,-2.18299,0.399134
1315172083289843712,1.81939,0.02668587,-0.3574211,0.7075968
1316180885577426944,1.927578,0.02541142,-3.848826,0.6778333
1316181710211147776,1.348178,0.0426049,1.493584,1.642027
1316181985089054720,2.029076,0.02254228,-3.278958,0.5672897
1316222117263468544,1.338671,0.02782717,3.946074,1.045403
1316223491653003264,1.415941,0.02382584,0.6860909,0.9104817
1316224316286724096,1.885028,0.0174554,-1.428557,0.480524
1316227889699514368,1.223401,0.00823047,2.403587,0.3927587
1316229813844862976,1.333139,0.0430451,1.919937,1.593997
1316230638478583808,1.884339,0.01448747,-1.597866,0.4189736
1316277092844857344,1.898886,0.03299773,-2.262748,0.8338467
1316288362839042048,1.915461,0.0278897,-2.565894,0.7323847
1316289187472762880,1.823972,0.03476854,-1.604593,0.9371728
1316290836740204544,2.08644,0.01481922,-2.78083,0.3979569
1316326845746014208,1.350155,0.03288046,0.7603047,1.348401
1316327120623921152,1.925019,0.01616618,-2.742193,0.4616464
1316327670379735040,1.221719,0.04072824,3.837156,1.79793
1316328220135548928,1.805782,0.02089513,-2.065864,0.6142647
1316328495013455872,1.541089,0.01028202,-2.237523,0.4069307
1316329044769269760,1.613347,0.02928073,-0.8892941,0.9465263
1316349935490197504,1.668154,0.015396,-1.383972,0.5139289
1316350760123918336,1.237153,0.0150756,3.335596,0.6875895
1316351584757639168,1.419528,0.03442419,3.585366,1.201681
1317332898935760896,1.938515,0.01228681,-1.840977,0.3510008
1317333448691574784,1.761144,0.02926844,-0.817991,0.7996978
1317333723569481728,1.800411,0.03254176,-1.173511,0.8718895
1317354889168316416,1.529897,0.00699911,3.563071,0.2519015
1317355713802037248,1.629779,0.0286768,-0.4398895,0.8741595
1317399694267148288,1.539297,0.02390473,0.01102047,0.8426078
1317409314993891328,1.698612,0.04612748,1.805979,1.29972
1318452201722505216,1.404364,0.01570874,1.195606,0.5966426
1318452751478319104,1.810013,0.03287445,-1.411702,0.86343
1318453301234132992,1.939534,0.02823645,-2.014782,0.7026443
1318463196838782976,1.930276,0.01466872,-2.564203,0.4076522
1318466220495759360,1.126323,0.02524913,5.122434,1.204304
1318525869001566208,1.572024,0.0201149,2.254815,0.6439353
1319567931247454208,1.297095,0.009891798,1.532748,0.4375826
1319577551974197248,1.908188,0.01627458,-1.77898,0.4404324
1320768873342986240,1.956217,0.04323772,-1.835832,0.9955018
1320769148220893184,1.185323,0.007920971,5.26631,0.3746291
1320836493308094464,1.742205,0.01632099,-0.2555601,0.5007772
1320838417453443072,1.729686,0.06149119,-1.163375,1.658176
1321905768231888896,1.466165,0.01810591,2.309782,0.6284642
1321920336760956928,1.617768,0.02801777,1.161493,0.8297695
1321924459929561088,1.834881,0.02800576,-1.347778,0.7344859
1321926933830723584,1.868933,0.02641669,-2.196005,0.6838365
1321928857976072192,2.03989,0.01768968,-2.787322,0.4485963
1321930507243513856,2.012336,0.0153654,-2.024869,0.3940547
1321937104313280512,2.029427,0.01013052,-2.299938,0.2882054
1321937379191187456,1.915041,0.01590745,-1.957093,0.4265953
1321953871865604096,1.406044,0.07049646,5.700645,2.222773
1334280769253697536,1.833488,0.01998058,-1.178151,0.560115
1334298086561835008,1.943823,0.0144847,-1.834145,0.4064001
1334311005823461376,1.243349,0.01541659,3.340855,0.6814234
1334319527038576640,1.931982,0.01099097,-2.449847,0.336057
1334320076794390528,1.95517,0.01623241,-1.877319,0.4387574
1334321451183925248,1.7046,0.02137218,-1.450138,0.6433302
1334328048253691904,1.619222,0.02145812,0.5566017,0.6766113
1348829507565414400,1.33913,0.03074129,4.557982,1.09613
1348832806100297728,1.888105,0.01234106,-3.025642,0.3739479
1348855895844481024,1.736849,0.02798118,-0.6761557,0.7671232
1348857819989829632,1.874447,0.02920483,-2.818231,0.7563882
1348891629972383744,1.737701,0.0181234,-0.9668213,0.5251452
1348892179728197632,1.287571,0.01346747,4.226741,0.535445
1350035397513603072,1.86999,0.01316417,-1.203778,0.3792832
1350035947269416960,1.691121,0.0209312,0.07945679,0.6065459
1350093946507782144,1.818045,0.01932347,-2.170476,0.56061
1351157998298359808,1.942395,0.0578351,-0.2706874,1.230326
1351158822932080640,1.654405,0.03734288,2.511895,0.9985119
1351161846589057024,1.168649,0.01358221,2.791487,0.6492277
1356732247406831616,1.412315,0.08224814,0.8800446,2.677718
1356732522284738560,1.837842,0.02086245,-1.476021,0.5632963
1356733072040552448,1.970886,0.02260691,-2.794348,0.5821346
1356733621796366336,2.012861,0.02151728,-2.674828,0.5465521
1356742692767295488,1.355459,0.03697134,2.659461,1.38884
1365882937995716608,1.474782,0.03254458,0.7604333,1.178722
1366899157574379520,1.993852,0.01319848,-2.016731,0.3660027
1366900531963914240,1.899783,0.01943532,-1.552866,0.5266408
1366910152690657280,1.474555,0.03480532,2.662015,1.167613
1366914000981354496,1.774497,0.01517424,-0.5675802,0.4484471
1366942038527862784,1.560416,0.05686259,2.396386,1.794414
1367971731066611712,1.306556,0.02325143,0.9626988,1.012611
1367980527159633920,1.476768,0.03777973,0.5268391,1.321306
1367980802037540864,1.478333,0.02990428,1.495987,1.023183
1367983001060796416,2.066424,0.01644847,-2.226868,0.4285162
1368122913915430912,1.44889,0.01412148,1.4327,0.5405344
1371517655797753856,1.636389,0.01435975,1.466839,0.4691983
1371518205553567744,1.600467,0.00972082,2.715386,0.3319817
1371518755309381632,1.514261,0.03874777,1.484639,1.35534
1371521504088451072,1.845312,0.0186036,-1.943071,0.5426209
1373682044671911936,1.909657,0.01833811,-2.129992,0.4883465
1373683419061446656,1.954495,0.03017311,-1.885979,0.713286
1373684518573074432,1.920202,0.03121294,-1.764776,0.7437514
1373685618084702208,2.064743,0.01633295,-1.684967,0.411821
1373696888078886912,1.255993,0.02373011,3.438922,1.014555
1373711456607954944,2.036397,0.0260023,-2.666644,0.6432557
1373711731485861888,2.10763,0.0153195,-2.511369,0.3942042
1373713105875396608,1.962305,0.01458444,-1.97002,0.4095725
1373713380753303552,1.269986,0.0264224,2.449622,1.132358
1373724100991674368,1.697097,0.01524538,1.209,0.4687243
1373724375869581312,1.915097,0.01890463,-2.013109,0.5201695
1373741968055625728,1.187016,0.01948595,3.727101,0.924966
1373745816346322944,1.997053,0.01674718,-2.408539,0.4575413
1375943465883428864,1.282778,0.004814867,3.638346,0.2245876
1375947039296219136,1.718851,0.06873076,4.439205,1.645837
1375948138807846912,1.77461,0.01636332,-0.8503747,0.4788561
1375948413685753856,1.279178,0.02322817,3.816684,0.9539257
1380354706047526912,1.988278,0.02117169,-2.830355,0.5390175
1380357729704503296,1.213798,0.01336383,1.438417,0.6310074
1380362677506828288,1.92153,0.01674722,-2.38953,0.4642884
1381528709571307520,1.094961,0.006437844,1.9354,0.3654794
1381532008106190848,1.200955,0.007348358,1.010469,0.3742675
1381533107617818624,1.242309,0.03668581,2.487812,1.594566
1381547401268979712,1.829059,0.02676331,-0.6477298,0.6981351
1381556472239908864,1.783409,0.04350151,0.48518,1.108353
1382619425022175232,1.921959,0.01811979,-2.159057,0.486097
1382621349167523840,1.538444,0.05246303,-0.05774826,1.681303
1382622998434965504,1.565027,0.02696711,-0.3215447,0.8666779
1382624097946593280,1.826363,0.03127802,-2.786878,0.8504323
1382640865498916864,1.657477,0.06270862,1.421233,1.625909
1382641140376823808,1.920525,0.01908084,-1.975411,0.5072591
1382641690132637696,1.313073,0.05285049,7.212374,1.860554
1382642514766358528,1.749828,0.03189769,0.5884912,0.8312055
1382768958603552768,1.270491,0.02742444,3.61431,1.143969
1383809371397449728,1.344225,0.04446651,3.366416,1.618844
1383812120176519168,1.697018,0.01123472,0.4884624,0.3361656
1383822290659076096,1.820265,0.03119563,-0.947679,0.7672394
1383828337973028864,1.813958,0.03703278,-0.48467,0.9277276
1383836584310237184,2.017971,0.01646408,-1.968938,0.4224228
1383840982356748288,1.248749,0.02675041,1.508739,1.15595
1384968530675394560,1.194114,0.009930991,1.481259,0.5030768
1384978151402137600,1.569217,0.01220058,1.240416,0.4257072
1384980075547486208,1.48718,0.00948241,2.449579,0.3551847
1384980350425393152,2.032354,0.01736777,-2.614088,0.4609235
1385025155524225024,1.921293,0.02483523,-1.520819,0.650031
1385027354547480576,1.98048,0.01844434,-2.418295,0.4947243
1385027904303294464,1.861883,0.02004862,-1.895835,0.5635574
1386006745419114496,1.115936,0.01657321,3.425405,0.8356445
1386010318831904768,1.995377,0.01378353,-2.443182,0.3756992
1386019389802833920,2.011971,0.01613674,-2.465962,0.4180105
1386098004884219904,1.351301,0.01323709,1.702759,0.5457209
1386103502442358784,1.925001,0.03180581,-0.9036621,0.7706125
1387187346130102272,2.023157,0.01672741,-2.608003,0.4251134
1387189820031264768,1.149746,0.008018555,1.593621,0.4132263
1396195095190988800,2.03814,0.01902222,-2.468275,0.4680366
1433272006014429184,1.949876,0.02513831,-1.604676,0.6180215
1433273930159777792,1.953975,0.02001109,-1.726232,0.5096242
1433274205037684736,1.844736,0.02992777,-1.384359,0.7835566
1433275854305126400,1.513118,0.05526714,5.395254,1.604465
1433439131781851136,1.165136,0.01422696,4.301716,0.6698521
1434460028361795584,1.222378,0.01277053,3.201166,0.5792698
1434469923966445568,1.706513,0.01402432,-0.7609432,0.4262208
1434470198844352512,1.139023,0.009742058,1.673469,0.500124
1438990836539877376,1.680458,0.02963841,-1.458586,0.878519
1439001556778248192,1.671333,0.04809227,-2.64552,1.448263
1441181613508552704,1.283867,0.01548462,3.203555,0.6582922
1441181888386459648,1.808474,0.02068673,-1.540073,0.5932403
1441182438142273536,1.970546,0.01748764,-2.369996,0.480018
1441185461799249920,2.117854,0.02315833,-2.243688,0.5317609
1441212399834130432,1.937213,0.01578391,-1.26623,0.4208202
1441231091531802624,1.243004,0.01819505,4.653341,0.7424616
1441233290555058176,2.094733,0.02552628,-1.820591,0.5881385
1442385304114718720,1.996571,0.02760292,-1.677275,0.6678481
1442386678504253440,1.242906,0.02490932,2.608172,1.096044
1450282271134214144,1.718075,0.01619245,-0.9845443,0.4998883
1450302886977234944,2.008393,0.01464335,-3.278219,0.4077961
1450303161855141888,1.694002,0.04412466,0.5825276,1.191996
1450306460390025216,1.521517,0.04209561,-3.24357,1.467892
1454724023316408320,1.974594,0.01421404,-1.936003,0.3859499
1454724573072222208,1.327818,0.00965962,2.85122,0.3978975
1454726222339663872,1.383737,0.02812364,2.719686,1.002876
1454727046973384704,1.910204,0.01348119,-1.346842,0.3773108
1454735293310593024,1.987107,0.02129921,-2.209372,0.5436828
1470470683455678464,1.491654,0.04739001,1.220447,1.519129
1470471782967306240,1.605261,0.06058679,0.8841419,1.758564
1470472332723120128,1.575679,0.08717109,1.282941,2.689937
1470473157356840960,1.808043,0.0280163,-1.745954,0.7798291
1470474256868468736,1.909314,0.01937649,-1.507693,0.5136387
1470557544874272768,1.827517,0.01950203,-0.8584824,0.5445855
1470572663159154688,1.984069,0.01491009,-2.434991,0.4240865
1470574862182410240,1.996892,0.02138508,-2.798601,0.5667871
1470579260228921344,1.979167,0.01660469,-2.554667,0.4592698
1470582833641711616,1.32614,0.02182112,2.196078,0.9124057
1471647710703544320,2.019307,0.01601365,-1.861272,0.4202421
1480591959427934208,1.856411,0.05622567,-2.195881,1.368251
1480732696916289536,1.54084,0.02490528,-1.270002,0.8820786
1481789602451712000,1.356227,0.05266599,1.087779,2.063265
1481792626108688384,1.920243,0.02433221,-1.53944,0.6130229
1481793450742409216,1.907685,0.02401628,-2.384667,0.6401609
1487480399322966016,1.433241,0.03038663,2.926478,1.066076
1487485622003197952,1.782039,0.02215948,-0.5544668,0.6229007
1487486446636918784,1.551345,0.02318596,0.3691345,0.7749385
1488565067996751872,1.932044,0.01129727,-1.80074,0.3320859
1488565617752565760,1.870798,0.02690752,-1.511528,0.6823375
1488572489700239360,1.863447,0.01500605,-1.563579,0.4308512
1488586783351400448,1.371965,0.02543621,2.494444,0.9511638
1489656058510075904,1.407768,0.05897355,0.5920207,2.165174
1489698939463559168,1.940634,0.0189738,-2.023395,0.4985521
1489705811411232768,1.82686,0.01555657,-2.301993,0.4687093
1490717092113049600,1.687421,0.02469863,0.2825118,0.7226689
1490719016258398208,1.201181,0.03488538,2.414071,1.565716
1490729736496769024,1.609532,0.06497401,-1.46383,1.865652
1490780863787460608,1.355491,0.01149375,2.612057,0.454826
1490783887444436992,1.846886,0.02676587,-0.7667999,0.6815917
1490830066932803584,1.444926,0.02053965,2.340891,0.7245711
1490830616688617472,1.422531,0.01609965,2.328528,0.6012499
1490841886682802176,1.906844,0.02612187,-2.329945,0.6969763
1490842986194429952,1.860091,0.01585026,-2.314295,0.4599237
1490844360583964672,2.032498,0.01102184,-2.733879,0.3191365
1490845460095592448,1.933105,0.02233784,-2.728149,0.6016476
1491882294091212800,1.928092,0.01343148,-1.809055,0.3644096
1491907857736558592,1.883795,0.02184202,-1.635694,0.5758238
1491918303097022464,1.97858,0.02233258,-2.448425,0.6063207
1491921876509812736,1.861973,0.02029253,-2.147845,0.5651611
1491931772114462720,1.952455,0.02040584,-1.521775,0.5200487
1491939743573764096,1.91726,0.03373663,-1.301592,0.8026837
1492959815519987712,1.591578,0.09359529,-0.6039363,2.861793
1492973834293241856,1.126145,0.03025379,4.09406,1.483706
1493065918392068096,1.901797,0.03460082,-1.134919,0.862096
1493087908624623616,1.774433,0.04400939,-2.179683,1.253525
1493089008136251392,1.958743,0.01448141,-2.338153,0.4160923
1493089283014158336,1.915304,0.02168725,-1.407745,0.5884308
1493090657403693056,1.205316,0.02601922,2.388287,1.218532
1493098903740901376,2.010423,0.01629306,-3.127203,0.4529755
1493102202275784704,1.910603,0.02997274,-0.7029424,0.7593394
1493112097880434688,1.880148,0.03418603,-1.374802,0.8588389
1493113747147876352,1.922519,0.05116596,-0.8234159,1.220116
1494107705944598528,1.395424,0.04906056,1.09165,1.792958
1494108530578319360,1.734126,0.04377041,-1.059689,1.183385
1494110454723667968,1.154503,0.01648609,1.711002,0.837762
1494115677403899904,1.441477,0.06413027,1.539611,2.109539
1494127772031805440,1.518535,0.01315307,0.235147,0.4775063
1494163781037615104,1.015389,0.01404518,0.0,-1.0
1494165155427149824,1.856181,0.02735583,-2.050376,0.7545272
1494166804694591488,1.481546,0.01204824,1.683295,0.4394472
1497530486329731072,2.021724,0.01629352,-3.512638,0.4385004
1497532685352986624,1.308806,0.02986475,3.364296,1.146256
1497533784864614400,1.798925,0.033943,-0.5264841,0.8879619
1498716858436577280,1.902499,0.0130004,-1.679571,0.3780361
1498727578674948096,1.837338,0.01944208,-1.7975,0.572238
1498728953064482816,1.706245,0.02310297,-1.135826,0.7160592
1498730052576110592,1.098811,0.0304847,4.724666,1.531157
1498730877209831424,1.956948,0.01602481,-2.344049,0.4464583
1498738298913318912,1.966375,0.0159547,-2.505455,0.4411632
1499844957618333696,1.807315,0.02141163,-1.06391,0.5970786
1499846332007868416,1.883545,0.01268516,-2.879707,0.3918023
1499857876879960064,1.369631,0.07426336,4.005618,2.941877
1500838366390806528,1.593396,0.01721694,0.8712205,0.5313117
1500857882722199552,1.362431,0.05553102,4.383718,1.909521
1500859531989641216,1.91826,0.01259523,-2.031179,0.3501932
1500860356623362048,1.750396,0.03931312,-1.496448,1.042278
1501968664042170368,1.080982,0.004050359,5.179424,0.2230301
1502002474024724480,1.797529,0.02186786,-1.343953,0.6191155
1502002748902631424,1.987213,0.0156543,-2.244977,0.4269617
1502040407175882752,1.275156,0.01805477,2.002605,0.8056156
1504281211789404160,1.906139,0.02113705,-1.348152,0.55015
1505340316499077120,1.17924,0.01932205,1.676379,0.9401166
1505342790400239616,1.43021,0.01459671,3.810378,0.5128971
1505343065278146560,1.930894,0.01724035,-2.379745,0.4643251
1505344439667681280,1.454652,0.01523057,0.778855,0.559141
1505382922574653440,2.0106,0.02603013,-2.144634,0.6167967
1505463736679294976,1.957208,0.01592802,-2.293227,0.4302875
1505464011557201920,1.953743,0.0109271,-2.313026,0.3226301
1505464561313015808,1.7914,0.02406074,-1.086635,0.6625254
1505470883504875520,1.767095,0.0305458,-0.06574285,0.8261314
1505480229353711616,1.894799,0.01919825,-2.091895,0.5255558
1507592940946483200,1.861807,0.01542331,-1.686144,0.4274258
1507597613870901248,2.051594,0.2007267,1.37041,3.679843
1507597888748808192,1.98372,0.01477745,-2.480775,0.391278
1509936825177761792,1.836271,0.05669198,-0.146107,1.078476
1512125678017865728,1.521319,0.0791899,-0.2235545,2.494418
1512227657721341952,1.247787,0.01739793,2.920143,0.7375851
1512230681378318336,1.911337,0.01357515,-2.677551,0.3768364
1512231231134132224,1.758193,0.01601699,-1.81388,0.4643559
1513325520115230720,1.332273,0.02178383,3.452337,0.8565199
1513325794993137664,1.114515,0.009338558,5.248399,0.4703755
1513327169382672384,1.90588,0.0147733,-1.103618,0.4054643
1513328543772207104,1.384436,0.0171689,2.944388,0.6315547
1521192525778413568,1.639471,0.0250694,0.006363611,0.781067
1521201871627249664,1.910161,0.01825977,-1.690668,0.4926147
1521214790888876032,1.289035,0.02591498,4.28808,1.050567
1521235956487710720,1.908371,0.01558756,-1.678041,0.4378169
1521237605755152384,1.911373,0.01055767,-1.709262,0.3207406
1521238155510966272,1.153643,0.009339427,4.627532,0.4541409
1529024625403521024,1.040306,0.008199142,-0.1872488,0.5304363
1529110112432580608,1.348159,0.02314141,1.875564,0.9495217
1529110662188394496,1.914477,0.009637292,-2.155665,0.3028656
1529119733159323648,1.920801,0.01805327,-2.174737,0.5080667
1529121657304672256,1.835408,0.01415935,-1.42599,0.4256867
1529131552909322240,1.565503,0.008123353,1.58372,0.3029179
1529131827787229184,1.674418,0.01863348,-0.3118211,0.588532
1542496393233459200,1.733681,0.01263801,-1.137735,0.3954048
1542640154378790912,1.725595,0.02604549,-1.353609,0.7758658
1543680562743502848,1.808219,0.01176871,-0.4381516,0.3482591
1543694306638850048,1.423759,0.04143722,1.26942,1.430272
1543743509784193024,1.953837,0.01523023,-2.003179,0.416878
1543755329534191616,1.172638,0.01338131,3.480706,0.6456077
1543756154167912448,1.92452,0.01133028,-2.370383,0.3289472
1543765500016748544,1.326711,0.0289103,2.574741,1.130142
1543766599528376320,1.321933,0.03406287,1.808273,1.330349
1546992021284087808,1.891561,0.01795431,-1.643843,0.487083
1546993120795715584,1.817446,0.0208254,-1.471048,0.5986656
1546994220307343360,1.84971,0.03747012,-0.8957824,0.9330966
1546995319818971136,1.784604,0.01972309,-1.041353,0.5590746
1546996419330598912,1.732626,0.0165058,0.04375272,0.4881687
1546998068598040576,1.824373,0.0158048,-2.049152,0.4591823
1547012087371294720,1.831376,0.0211021,-1.575015,0.5778529
1547012912005015552,1.952496,0.02281312,-2.775001,0.5987583
1547014011516643328,1.826397,0.02103425,-1.460378,0.5838881
1547160796318951424,1.91354,0.01922916,-2.631134,0.5304998
1548175920446072832,1.390999,0.02516831,1.982191,0.9197283
1548176470201886720,1.324615,0.01649718,1.89593,0.6791095
1548181692882118656,1.849763,0.01870038,-1.031994,0.5251128
1548185541172815872,1.881221,0.02295725,-2.528074,0.6226169
1548187465318164480,1.893367,0.02049695,-1.549191,0.5449885
1548192413120489472,1.969933,0.01394365,-2.131581,0.3858451
1548230346271647744,1.437551,0.04764103,-0.3633391,1.753769
1548241066510018560,1.269706,0.02133567,2.591385,0.9164987
1548242440899553280,1.899465,0.0160793,-1.992501,0.449931
1551502217612126208,1.372606,0.02494922,2.803671,0.9105351
1552697387137394688,2.02156,0.01860006,-2.399013,0.4764075
1552698761526929408,1.993971,0.01353186,-1.639382,0.369478
1552702060061812736,2.007172,0.01265269,-1.859037,0.3504603
1552702884695533568,1.885144,0.02338652,-1.873232,0.6310226
1552780400265291776,1.246726,0.02407359,0.5582982,1.133291
1552791395381569536,1.654632,0.01845545,0.6927519,0.5565687
1552791945137383424,1.148824,0.01113798,1.905763,0.587779
1553743572451223552,1.291159,0.06678973,1.613632,2.583789
1553749070009362432,1.73601,0.04338703,1.105095,1.112688
1553749619765176320,1.201931,0.01091928,4.062284,0.505
1553834557038422016,1.545494,0.00777625,2.329857,0.2845358
1553848026055862272,1.195189,0.01489992,4.126837,0.6944432
1553848300933769216,1.494496,0.02042007,3.147818,0.6824231
1554907955348924416,1.642185,0.01467673,1.01477,0.45544
1554910429250086912,1.901237,0.01677002,-1.282046,0.4433267
1554911528761714688,1.402788,0.01728495,2.621233,0.6272792
1554913452907063296,2.053795,0.01219617,-2.702183,0.336624
1554914277540784128,1.887382,0.0182418,-1.876272,0.4859453
1554916201686132736,1.386145,0.03248484,4.799866,1.063583
1554966779221010432,1.738651,0.01177608,-0.5064963,0.3795174
1566157604005111808,1.667099,0.03403673,-0.4225813,0.9502783
1566157878883018752,1.869894,0.01937593,-1.712112,0.509468
1567369540780713984,1.446906,0.05006246,1.708041,1.682197
1567371464926062592,1.977496,0.01605724,-1.885847,0.4308245
1568412702471120896,1.904068,0.02321592,-2.038202,0.6074029
1568415176372283392,1.925905,0.02654371,-2.755595,0.6867766
1568415726128097280,1.735896,0.02897204,-1.193333,0.8095983
1568434692703676416,1.351788,0.06042979,1.404632,2.345015
1568438540994373632,1.882628,0.03074672,-3.074697,0.8008767
1568517980709480448,1.200446,0.05760468,4.149277,2.59302
1568527876314130432,1.699216,0.02751872,1.280574,0.7682527
1568529525581572096,1.435927,0.06520509,0.4016887,2.294465
1568535572895524864,1.762213,0.03474827,0.4890465,0.9120985
1568536947285059584,1.947289,0.01626933,-1.54818,0.4400271
1568546842889709568,1.967658,0.01225636,-1.776486,0.3505864
1568548492157151232,1.863328,0.02282503,-1.153099,0.612136
1583051051399931904,1.877168,0.02066275,-2.632374,0.5304952
1583051601155745792,1.871604,0.01434305,-2.225855,0.4083045
1583052425789466624,1.725621,0.0285081,-0.3733053,0.7583369
1583055999202256896,1.928204,0.01381965,-2.430433,0.3864405
1583071392365045760,1.749629,0.03248234,-1.702828,0.8685225
1584236050224539648,1.925825,0.02960596,-1.622841,0.7156211
1586476029248038912,1.947338,0.04556159,-2.99062,1.066851
1586531829463148544,2.009272,0.01920647,-2.471642,0.4972113
1586533203852683264,1.919142,0.0512372,-1.026117,1.166395
1586534853120124928,1.883836,0.02571834,-2.708991,0.6929575
1592036539645323264,1.795292,0.05214015,-1.908149,1.303114
1592038188912764928,1.783408,0.06283311,1.227752,1.437209
1592046710127880192,2.074495,0.06487467,-1.674764,1.27847
1592187172738328576,1.919773,0.01668188,-2.225622,0.4483579
1592196793465071616,1.951655,0.0127581,-2.768313,0.3634523
1593238026782271488,1.856775,0.01786743,-1.950499,0.4839704
1597813099010746368,1.898247,0.01719143,-2.125415,0.4751608
1597824094127024128,1.830336,0.01954769,-1.847569,0.5519864
1597824643882838016,1.603605,0.02143694,-0.02916653,0.6915923
1603330444466612224,1.935369,0.01863491,-2.291813,0.4980102
1603343363728238592,1.944505,0.02875638,-2.107524,0.7250859
1603346937141028864,1.870651,0.02433535,-1.363631,0.6155585
1603349960798005248,1.928216,0.02669004,-2.154244,0.6551903
1603361230792189952,1.880147,0.01906721,-1.895467,0.5001209
1603441495141017600,1.897274,0.01699444,-1.789457,0.4739121
1603442319774738432,1.755297,0.04568291,-1.33379,1.229831
1603442869530552320,1.878162,0.04039501,-1.953203,1.018571
1603443694164273152,1.96077,0.01492877,-2.040731,0.4095155
1606715842177820672,1.356514,0.0493485,0.9252765,1.896191
1606716666811541504,1.780078,0.02534381,-1.633616,0.7113479
1606717491445262336,1.876039,0.009734784,-2.499314,0.3011829
1606719415590610944,1.211017,0.009941071,3.104994,0.4665593
1606752950695258112,1.940703,0.01132991,-2.37471,0.3362174
1606755699474327552,1.89963,0.009741577,-1.663447,0.2989268
1606765045323163648,1.264489,0.009793807,3.491973,0.4355704
1606766144834791424,1.864049,0.02538566,-2.512912,0.7455883
1606768343858046976,1.972213,0.00858,-2.235656,0.2681206
1606768893613860864,2.032768,0.0081256,-2.675745,0.2557223
1609020968204789760,1.370406,0.03824891,2.338457,1.480096
1609057526966413312,1.99135,0.01138365,-3.030936,0.3287336
1609057801844320256,1.181576,0.0184083,2.463515,0.9032433
1609069896472225792,1.851811,0.01423426,-1.796205,0.416515
1610046537876924416,1.291874,0.01330364,3.590307,0.5654068
1610052310312970240,1.270432,0.01782855,2.477336,0.7876155
1610053134946691072,1.892939,0.01372906,-2.502763,0.4086773
1610053684702504960,1.780105,0.01595748,-0.9746723,0.474147
1611165015912507392,1.440765,0.0476,0.668494,1.637767
1611165565668321280,1.964448,0.01495699,-2.183926,0.3900701
1611166115424135168,1.550287,0.05587147,2.612438,1.581967
1611166390302042112,1.861022,0.0110354,-2.418401,0.330562
1611171612982274048,1.493465,0.02220615,0.6090961,0.7516495
1611174911517157376,1.749085,0.02054053,-0.8091788,0.578293
1611227962953197568,1.923588,0.01158499,-2.388786,0.3289482
1611268370005518336,2.00626,0.01084036,-2.260809,0.3042927
1611272493174122496,1.98678,0.009342403,-1.993444,0.2746047
1612294764294596608,1.96839,0.01648562,-2.57691,0.4373678
1612299986974828544,1.985137,0.01861999,-3.150758,0.4933901
1612300811608549376,1.862024,0.01764866,-1.668691,0.4895452
1612304934777153536,1.13479,0.007723004,3.969438,0.3898627
1612311531846920192,1.489274,0.02026692,-1.30836,0.696527
1612315655015524352,1.430192,0.007144486,0.9149683,0.2966234
1612368156695750656,1.848559,0.02102853,-2.082623,0.5770231
1612370080841099264,1.973208,0.0159951,-2.59696,0.4308225
1612439075195742208,1.427986,0.04572259,2.015645,1.648523
1612442373730625536,1.779609,0.03852026,-0.6754717,1.055588
1612442648608532480,1.622323,0.04140056,0.09589235,1.315194
1613426162296449024,1.892758,0.02964732,-1.366117,0.7438746
1613427261808076800,1.964392,0.0092664,-2.615109,0.2818381
1613427811563890688,1.672385,0.03129361,0.114679,0.8955442
1613437707168540672,1.143924,0.007460381,3.43311,0.3759212
1613437982046447616,2.018876,0.01366867,-2.792737,0.363562
1613489109337139200,1.537426,0.02517148,-0.9254887,0.8464907
1613495981284812800,1.403502,0.01071673,1.882262,0.4191566
1613533639558064128,1.473664,0.007356585,0.8423089,0.2944617
1614619407592482816,1.723184,0.05263091,-0.2792513,1.396168
1615792310665111552,1.491485,0.01847162,1.242293,0.6615444
1615814300897667072,1.842569,0.01072727,-1.72863,0.3387501
1616809909649696768,1.824676,0.01279898,-1.355994,0.384648
1616811284039231488,1.668401,0.01192475,-0.9946188,0.3973811
1616818430864812032,1.354927,0.02502413,4.365781,0.9145154
1616819805254346752,1.762532,0.01265276,-1.902269,0.3997733
1616831350126438400,1.338034,0.02229699,4.269019,0.8288049
1616853340358993920,1.301372,0.01257498,3.291865,0.5153629
1616856364015970304,1.916343,0.01611021,-2.860065,0.4528251
1616857188649691136,1.299883,0.02445772,1.407524,1.004951
1616858013283411968,1.610548,0.06041877,-2.02618,1.820064
1616955045184563200,1.168268,0.01029702,1.556636,0.533492
1616955594940377088,1.724185,0.0227307,-1.842267,0.7020811
1618002879631616000,1.999827,0.01205921,-2.509978,0.3248645
1618005353532778496,1.72642,0.04298468,-1.287559,1.235157
1619117509678491648,1.597283,0.01402525,0.8707504,0.4568157
1619118059434305536,1.781029,0.01171772,-1.636301,0.369857
1619119708701747200,1.480626,0.01944296,4.082719,0.6167812
1623720615041067008,1.472955,0.04289609,0.2796444,1.570065
1623721164796880896,2.0027,0.01878022,-2.968835,0.4988583
1623722539186415616,1.981226,0.01228538,-2.50089,0.3526653
1625920462997448704,1.964923,0.01589751,-2.465653,0.4313469
1625926510311401472,1.766583,0.01371493,0.2876665,0.4064113
1632568386284185600,1.464445,0.05222464,2.804069,1.703426
1634880384225273856,1.969711,0.02065255,-2.315977,0.5301746
1634880933981087744,1.965288,0.01885926,-2.14647,0.4844668
1634892478853179392,1.31877,0.06382107,1.851792,2.561729
1635969450022823936,1.856157,0.01401666,-2.136446,0.4137753
1635975222458869760,1.971071,0.01440247,-2.997072,0.4054418
1635979070749566976,1.791159,0.02589309,-1.054755,0.6927217
1635979345627473920,1.358926,0.02210438,2.758074,0.8476949
1635982369284450304,1.788948,0.02364165,-1.927911,0.6703377
1635983468796078080,1.91071,0.01662971,-2.54515,0.4717821
1636004084639098880,1.537071,0.02064271,0.5739725,0.6743149
1636092045569320960,1.31724,0.009216123,2.878007,0.4022594
1636098367761180672,1.774803,0.03156471,-0.6970161,0.8672441
1636098917516994560,1.27926,0.02509926,3.175614,1.054047
1636099467272808448,1.856804,0.01536134,-2.707426,0.469721
1638294917199456256,1.399345,0.02733662,2.814343,1.020592
1638296566466897920,1.371627,0.0206115,2.494113,0.8138235
1638297116222711808,1.843154,0.02756325,-0.8237882,0.7365735
1638299040368060416,1.906839,0.01170483,-1.60968,0.3459076
1639344126606469120,1.3022,0.03063981,2.487306,1.190159
1639344951240189952,1.275986,0.01772242,4.936629,0.7068356
1639345226118096896,1.704031,0.03497089,0.07770359,0.9510023
1639346050751817728,1.549056,0.03638868,1.402903,1.116629
1639347425141352448,2.024895,0.04211018,-2.266923,0.9441474
1639348799530887168,1.391984,0.05008722,0.6384566,1.816927
1639382334635534336,2.007864,0.01523763,-1.953946,0.3946011
1639383434147162112,1.676552,0.04363544,1.355403,1.171734
1640439789960325120,1.20821,0.03955459,2.470451,1.749674
1640441439227766784,1.768124,0.01662544,-1.82148,0.49543
1640576954035890176,1.203042,0.008686061,4.218546,0.406815
1640577778669611008,1.170642,0.01219399,4.774253,0.5740246
1640596470367283200,1.200219,0.02075136,1.064378,1.021466
1640597020123097088,1.860173,0.01126437,-1.80976,0.343955
1642777351697754112,1.89603,0.01196907,-1.505175,0.3538015
1642780375354730496,1.426348,0.04154887,3.269259,1.431307
1642783399011706880,1.149076,0.009374933,3.100616,0.4806084
1642846071174490112,1.350045,0.02725112,0.1898327,1.138452
1642846346052397056,1.21474,0.009443188,2.131192,0.459249
1645028325954971648,1.520507,0.008840417,0.9141153,0.3357457
1645029700344506368,1.652033,0.01850103,0.8958523,0.5718099
1645037946681714688,1.402142,0.02005534,1.716868,0.7455778
1645045368385202176,2.012197,0.01040014,-2.374507,0.3071055
1645046193018923008,1.930182,0.01432113,-1.388961,0.3992551
1768861099790198784,2.020517,0.07425723,-3.77123,1.539053
1768897108796008448,2.004856,0.01883765,-2.433022,0.4730128
1769916631003195392,1.385795,0.0273851,2.854938,0.9511502
1769925976852031488,1.432372,0.0419892,2.711483,1.299305
1769930100020635648,1.920086,0.01700462,-1.846007,0.4424944
1769941919770634240,1.800812,0.03886755,0.04901795,0.9513865
1769964734636910592,1.672559,0.06261873,0.7933568,1.625467
1769965834148538368,1.850789,0.02973983,-1.369509,0.7454186
1771043356365842432,1.947364,0.01337527,-2.339691,0.3684827
1771054351482120192,1.593754,0.03533446,2.104903,0.9913878
1771054626360027136,1.30375,0.05419276,2.609588,2.126258
1771057100261189632,1.81332,0.01890971,-1.578277,0.521014
1771112900476299264,1.308847,0.06590625,3.919115,2.20461
1771148359726295040,1.373798,0.0639431,2.867592,2.347905
1771150558749550592,1.981021,0.01897944,-2.48957,0.4905102
1771161828743735296,1.78273,0.02546777,-2.512623,0.7252436
1771162378499549184,1.964959,0.01559242,-3.038863,0.4329651
1771184093854197760,1.800229,0.02067712,-1.32094,0.5841967
1771197287993731072,1.449264,0.03234719,0.8023093,1.141929
1771198387505358848,1.915269,0.02613006,-0.7277536,0.6499742
1771207733354194944,1.969837,0.01942175,-3.227759,0.5218579
1772209667519309824,1.54839,0.02954914,0.2270282,0.967046
1772328689653016576,1.962157,0.01389825,-1.944332,0.3851946
1772329239408830464,1.937986,0.01819735,-2.065876,0.485433
1772330064042551296,1.736997,0.03441998,-1.356237,0.9531674
1772337760623945728,2.009392,0.01391487,-2.233784,0.3786254
1776845208877557760,2.000883,0.01910565,-3.472638,0.5050967
1785733376754345984,1.163856,0.006442574,2.671604,0.3277221
1785755366986901504,1.861935,0.01964073,-0.1220753,0.5106502
1785755916742715392,1.9234,0.02431327,-2.451902,0.6133029
1785758115765970944,1.940858,0.02334748,-1.119834,0.5772583
1787937073269860352,1.453482,0.02423672,1.816559,0.8674693
1787945319607068672,1.354755,0.03458917,2.50346,1.339522
1787953565944276992,1.82684,0.01211251,-0.7619465,0.3469069
1787963736426833920,2.035756,0.00774572,-2.351037,0.2252257
1792587183241062400,1.321449,0.03218286,5.103435,1.193908
1792588832508504064,1.966331,0.007104539,-2.325542,0.2194221
1793565473728653312,1.419674,0.01925675,2.306018,0.6858497
1793575919089117184,1.644102,0.01674164,1.01581,0.5040427
1793576468844931072,1.756791,0.008804474,-0.5677006,0.2744189
1793580592013535232,1.797799,0.01066962,0.0,-1.0
1793642714420504576,1.218889,0.01581903,4.602694,0.6925231
1793644913443760128,1.852607,0.02129009,-1.013339,0.538878
1793687519519336448,1.816485,0.01922205,-0.3268116,0.5199149
1793688344153057280,1.828357,0.01653608,-1.840489,0.4564123
1793692467321661440,1.969159,0.01184128,-2.462777,0.3245794
1793694391467010048,1.680692,0.02244587,-0.474249,0.6576377
1793694666344916992,1.54335,0.01864445,-0.1447623,0.6383787
1793722978769332224,2.018008,0.0107953,-2.472068,0.3034659
1793723528525146112,1.554896,0.02992952,-0.4274457,1.026764
1793731774862354432,1.344189,0.0167497,1.38143,0.6986839
1794704292913899520,1.797703,0.02957506,-2.121684,0.7793627
1794706217059248128,1.276553,0.008002457,2.151612,0.3444425
1794840082599929856,1.805134,0.009202966,-1.783957,0.3020436
1794840357477836800,1.830085,0.0181619,-1.517619,0.5186914
1795881869984688128,1.886268,0.03753441,-0.9204608,0.9192725
1795904135095150592,1.494782,0.01889157,0.4930146,0.6996672
1795908533141661696,1.97262,0.01406862,-2.101553,0.3977014
1795908808019568640,1.909099,0.01465139,-1.805197,0.4173241
1795919253380032512,1.76474,0.01668367,-0.4389726,0.4940946
1795983574810257408,1.824944,0.02780621,-1.418608,0.7761407
1795985498955606016,2.050171,0.01494388,-3.006983,0.4077321
1796968187456153600,1.477396,0.01213934,0.9848969,0.4497489
1796991552078243840,1.67734,0.03226314,-0.3271324,0.9391972
1797003646706149376,1.271437,0.03063678,3.412141,1.233389
1797003921584056320,1.885693,0.04152905,-0.3074454,0.9813642
1797005295973591040,1.429727,0.01162051,-0.7629769,0.4667525
1797007769874753536,1.6604,0.06011492,2.131287,1.559139
1797087484467767296,1.679368,0.03361754,0.3486313,1.005105
1797089133735208960,1.931893,0.01617507,-1.714299,0.4483439
1797089408613115904,1.359424,0.03706796,-0.859819,1.555643
1797089683491022848,1.928179,0.02867048,-2.682485,0.7417416
1797100953485207552,1.904055,0.01827388,-2.503151,0.5148352
1799249949548898304,1.777585,0.01343622,-0.4113377,0.3934851
1799251049060526080,1.715715,0.0103101,0.2680352,0.3229715
1799252423450060800,1.319421,0.03149716,4.216514,1.222868
1799263418566338560,1.576366,0.01219782,0.5258741,0.4130659
1799338460234934272,2.032551,0.0331212,-2.292744,0.7765929
1799338735112841216,1.976632,0.01469295,-2.220136,0.4077794
1799339559746562048,2.005693,0.01234882,-2.33578,0.3383754
1799339834624468992,1.652964,0.03214239,-1.579223,1.017451
1799340109502375936,2.007571,0.009620815,-2.807385,0.2847984
1799340659258189824,1.755587,0.02870122,-1.011198,0.8107368
1799348355839584256,1.872773,0.009525903,-1.522063,0.2955096
1800458588645255168,1.530949,0.03319782,0.8908609,1.081842
1800461337424324608,1.371745,0.00899662,3.10636,0.3657013
1800469858639439872,1.327456,0.0123473,1.802355,0.5252758
1800470408395253760,1.838392,0.03555463,-1.548143,0.9187565
1800472057662695424,1.894745,0.01898684,-2.325469,0.5240176
1800472332540602368,2.042858,0.01515736,-2.348056,0.4019683
1801538858836322304,1.235859,0.01903532,2.574718,0.8562173
1804873952967813120,1.817019,0.02069796,-1.539313,0.5614139
1805947350506563584,1.668122,0.05711663,1.493061,1.501426
1805947900262377472,1.900561,0.03566043,-1.259902,0.8737018
1805948724896098304,1.892832,0.01491954,-1.6452,0.3994534
1806032012901902336,1.845534,0.01418973,-0.8487723,0.4083225
1806032837535623168,1.704466,0.0369468,0.2587356,1.018621
1807116131098454016,1.857443,0.024976,-1.558904,0.642819
1807116955732174848,1.891832,0.01437414,-2.287857,0.3946844
1807117230610081792,1.789872,0.03533262,-1.591407,0.9172904
1807118055243802624,1.710092,0.03187839,-0.9922057,0.9068583
1807118879877523456,1.284995,0.024057,3.324879,0.965335
1807123277924034560,1.899328,0.01624914,-1.921453,0.4382101
1807124377435662336,1.767012,0.03712038,-0.8490595,0.9824277
1809345666153998336,1.330314,0.02018447,3.947582,0.7581363
1809346490787719168,1.684018,0.2201093,-5.782046,7.860617
1809347040543533056,1.40829,0.01072207,1.597984,0.4216046
1809356111514462208,1.698236,0.02427847,0.1893663,0.6946867
1812704675200264192,1.204273,0.02066625,3.963685,0.9128429
1812705774711891968,1.144625,0.04404407,1.052732,2.103508
1812708523490961408,1.55257,0.02997016,3.271249,0.8936664
1812717869339797504,1.744478,0.0244519,-0.6769928,0.6621816
1812743158107236352,1.888712,0.01801351,-1.972275,0.4699347
1812743707863050240,1.887581,0.01679122,-1.713713,0.444442
1812747831031654400,1.950022,0.01090143,-2.166469,0.3040049
1812755527613048832,1.805206,0.02269397,-0.6985777,0.5962905
1813890773419059200,1.725519,0.03351544,-0.5208869,0.9248008
1813896545855105024,1.980955,0.01494196,-2.043304,0.403634
1813900119267895296,1.226987,0.02180334,2.02187,0.9548519
1813900943901616128,1.117444,0.1070364,0.0,-1.0
1813901218779523072,0.0,0.0,1.802016,0.9998846
1813912763651614720,1.348346,0.006771437,2.621616,0.2864494
1815122501353629696,1.867848,0.01685352,-1.63065,0.4845834
1815125799888513024,1.599283,0.009968268,1.242958,0.3495471
1816166487073777664,1.645937,0.05004237,2.152303,1.437407
1816167311707498496,1.330695,0.03756503,4.305038,1.417158
1816168411219126272,1.873948,0.03038735,-0.9088063,0.7752314
1816213491195865088,1.631927,0.04810894,0.0,-1.0
1817296510233110528,1.884026,0.02253356,-1.150114,0.5879082
1817297609744738304,1.998676,0.01134676,-2.281536,0.330544
1817299259012179968,1.134732,0.0134729,5.111284,0.6670952
1819499932357257216,1.712789,0.03379265,-1.765103,0.9624673
1819500207235164160,1.618514,0.04774103,0.08576227,1.383525
1819502956014233600,1.823439,0.01904567,-2.107997,0.5449122
1819591466700269568,1.630156,0.03711387,0.06725328,1.092426
1819593940601432064,1.869995,0.0325322,-1.607956,0.8541937
1825252305906198528,1.96781,0.01944793,-3.168205,0.5192479
1827358140618795008,1.990231,0.01961848,-1.501453,0.4773591
1827358965252515840,1.859097,0.03477162,-0.9252117,0.8380328
1827373258903676928,1.70794,0.03129201,0.6616826,0.8220724
1827374083537397760,1.800007,0.03736163,-3.913622,1.031218
1849909399888357376,1.800745,0.0121259,-0.9071617,0.3652927
1849915172324403200,2.043129,0.01554345,-2.848166,0.4067941
1849927816708122624,1.989256,0.01573891,-2.386846,0.4182836
1849930840365099008,1.814515,0.02044186,-0.5150687,0.5487411
1851022655428257792,1.271927,0.03276432,4.402111,1.290168
1851023480061978624,1.760157,0.0240413,-1.111061,0.6797268
1851025129329420288,1.660334,0.02490252,-0.555815,0.7501628
1851026503718955008,1.824201,0.01846515,-1.501117,0.5230317
1851027878108489728,1.928924,0.01690284,-2.84821,0.4779688
1853266489721776128,1.24299,0.01438102,2.418868,0.6336768
1853267589233403904,1.935934,0.01779546,-2.256833,0.4924278
1853269513378752512,1.96812,0.01457729,-2.253538,0.4033491
1853271712402008064,1.620899,0.05381912,0.6051093,1.588299
1861176102098069504,1.323543,0.02106849,3.422665,0.8086076
1861176651853883392,2.078745,0.01540323,-2.128065,0.3886563
1861178301121325056,1.626974,0.02942955,-0.4812723,0.8902929
1861240148650387456,1.226684,0.01433603,5.967675,0.5985574
1861243447185270784,1.487565,0.0264516,0.5821103,0.9052218
1861244546696898560,1.320847,0.01642673,2.716113,0.676333
1864491954272757760,1.285901,0.007143013,1.837885,0.3302037
1864545280586704896,1.840408,0.02316068,-2.373698,0.640507
1864620047377393664,2.021114,0.01846,-2.401512,0.4738404
1864620872011114496,1.424381,0.05355799,2.515796,1.843334
1864630217859950592,1.405968,0.0146422,3.358742,0.545806
1864647260290181120,1.238902,0.01691123,1.690299,0.7763857
1864648634679715840,1.946424,0.01978231,-2.178468,0.5295326
1864649459313436672,1.998502,0.0176462,-2.184559,0.470336
1864657705650644992,1.411459,0.0362515,1.116114,1.330089
1864657980528551936,1.632715,0.05246393,0.6844565,1.505191
1864658530284365824,1.330931,0.01632154,-4.578019,0.7832561
1865718184397531136,1.901466,0.02406337,-2.841997,0.6223866
1865731928292878336,1.681475,0.02673122,0.7600073,0.7468789
1865733852438226944,1.980347,0.01316944,-2.567726,0.3491401
1865734127316133888,1.462143,0.09707608,2.716158,3.258238
1865736051461482496,1.526893,0.06254121,-0.007739948,2.026152
1865746496821946368,1.958984,0.02517801,-2.074006,0.5945223
1866750895996299264,1.404969,0.08353309,-2.937053,3.74637
1866759417211414528,1.918013,0.01264597,-2.03299,0.3600514
1866759966967228416,1.339146,0.0308167,4.426879,1.132655
1866760791600949248,1.286898,0.05156238,-1.769156,2.403235
1867949088524232704,1.367489,0.0163009,2.881332,0.6096592
1876976632200194048,1.257516,0.02177228,2.55443,0.956272
1876979380979263488,1.911783,0.01229338,-2.133081,0.3523915
1883793055073462272,1.413588,0.04869722,2.096643,1.786012
1883803500433926144,1.956312,0.01060389,-2.537845,0.3015426
1883805974335088640,1.353011,0.01771208,3.255863,0.6953257
1884785364351084544,1.360343,0.01904903,3.493843,0.7233116
1884788388008060928,1.847107,0.01072998,-0.7006678,0.3253012
1884837041397590016,1.94395,0.03309755,-1.43846,0.7804267
1884856007973169152,1.974262,0.01627498,-2.850434,0.4450369
1885976960111241216,2.033506,0.02622921,-2.665313,0.6538407
1885977509867055104,1.934353,0.02186661,-1.702649,0.5574276
1885979708890310656,1.928538,0.0191999,-1.824224,0.5185909
1894957770583599104,2.128847,0.01666063,-2.625829,0.4098992
1899405567043069952,1.82397,0.0229932,-1.71356,0.6076343
1899406666554697728,1.314636,0.02854313,3.251691,1.101709
1899407216310511616,1.928187,0.02401573,-2.129971,0.5791476
1899516067961661440,1.925687,0.02298307,-1.239119,0.5642663
1899529536979101696,1.59516,0.02739591,0.1559629,0.8547236
1899530086734915584,2.019108,0.009334148,-2.38296,0.258181
1899536683804682240,1.961357,0.02372592,-2.04152,0.5760555
1899536958682589184,1.323455,0.05058172,1.929281,1.977826
1899539982339565568,1.975949,0.01085457,-2.483266,0.2980979
1899540257217472512,1.919066,0.01754433,-1.745709,0.4513615
1899542731118635008,2.036356,0.02506163,-1.944728,0.580364
1899545754775611392,1.997388,0.01097396,-2.253119,0.2992989
1899547678920960000,1.22078,0.017192,2.943015,0.7785298
1899563072083748864,1.648769,0.01505919,-0.07280548,0.4695836
1900629876629596160,1.75567,0.04437941,0.1285659,1.18019
1900631525897037824,1.358498,0.03764898,3.761538,1.398288
1900641421501687808,1.883206,0.03163777,-3.611268,0.8502292
1900643620524943360,1.856568,0.02935623,-2.637515,0.7882937
1900664236367964160,1.964423,0.03302801,-2.614474,0.8054723
1901734881034004480,1.159983,0.0101536,3.664104,0.5075474
1902818179864881152,1.858505,0.02106445,-1.299807,0.5638093
1903915488862300160,1.533994,0.06370493,-1.848185,2.02017
1903918512519276544,1.905998,0.0143546,-2.530794,0.3947774
1903979810292525056,1.683757,0.01652274,0.4065417,0.4811675
1903984208339036160,1.0661,0.02878506,3.632945,1.464686
1905148044970584064,1.423654,0.01502018,1.862708,0.5724193
1905163438133372928,1.546964,0.0441629,0.09753919,1.401107
1905165362278721536,1.979719,0.02094374,-2.325784,0.5414671
1906151898633758720,1.507009,0.01583241,1.657693,0.5287974
1906179111546546176,1.823126,0.01831103,-1.112966,0.5090799
1906322872691877888,1.261038,0.0208327,3.11922,0.9177662
1906323147569784832,2.09561,0.0113611,-2.446559,0.3087893
1910724487515498496,1.962828,0.01601663,-1.933595,0.4298725
1910724762393405440,1.795467,0.02722665,-1.093219,0.7764157
1910728335806195712,1.575809,0.03796985,0.1549776,1.202105
1910729160439916544,2.071858,0.01454203,-2.804857,0.38192
1910769292614330368,1.860909,0.01722627,-1.959175,0.4906246
1910779188218980352,1.921607,0.01823674,-1.94201,0.4921677
1910797879916652544,1.899023,0.008453169,-0.7628422,0.2653421
1910800628695721984,1.63843,0.02149927,1.249293,0.6675675
1912937254767060992,1.960285,0.01289117,-2.559604,0.3612275
1912942477447292928,1.368809,0.02621992,1.440129,1.019165
1912951548418222080,1.486905,0.009979893,3.447553,0.3528305
1912961169144965120,1.977375,0.01586424,-2.409649,0.4246442
1912963093290313728,1.950589,0.01682576,-2.686019,0.4531846
1912975187918219264,1.483744,0.01802758,1.43924,0.6351647
1917499414310578176,1.889729,0.01904135,-1.510476,0.5198897
1917499689188485120,1.220558,0.02709826,4.313879,1.19046
1917501063578019840,1.216903,0.0154669,1.252918,0.7311085
1917539821362898944,1.693467,0.03549487,-0.7060795,1.026002
1917540920874526720,1.64622,0.02366474,1.192311,0.6948593
1917544769165223936,1.464623,0.04975007,0.6558709,1.700064
1917546143554758656,1.652616,0.009016799,1.29938,0.3071065
1917547243066386432,1.558085,0.02239099,2.073639,0.7199076
1920807289053276160,1.4164,0.01242509,0.9837386,0.4595563
1920818284169553920,1.107718,0.03220428,0.7266378,1.769767
1922067611688921088,1.592505,0.01367396,2.490052,0.4032361
1922070085590083584,1.84089,0.0261633,-0.7143282,0.6956074
1922078881683105792,1.983909,0.01141278,-2.208943,0.3281523
1922085203874965504,1.598964,0.01091139,-1.482077,0.3982034
1924255908800522240,1.249732,0.008984447,3.875181,0.4067184
1924275425131915264,1.813458,0.0380636,-0.3319896,1.005418
1924288069515634688,1.895863,0.01874515,-2.562231,0.523836
1925374386517338112,1.124867,0.005954582,-0.09593263,0.342473
1925376035784779776,1.95794,0.009587993,-2.387131,0.2900001
1926449434531489792,1.882205,0.01413885,-2.214746,0.398573
1926451358676838400,1.21706,0.04033567,4.429421,1.784897
1926452183310559232,1.327363,0.03096662,1.49251,1.239284
1926453007944280064,2.013205,0.01328246,-2.429694,0.3594008
1926485993293113344,1.160039,0.03017382,3.775196,1.391012
1926493689874507776,2.025832,0.01600573,-2.663457,0.4099234
1926495064264042496,1.31836,0.007853292,4.085738,0.3243863
1926495339141949440,1.524847,0.05648415,0.8349663,1.795328
1927554993406109696,2.00956,0.01034208,-2.256322,0.3038312
1929814489633417216,1.700819,0.02165669,-3.220716,0.648387
1929867541069457408,1.951403,0.02422274,-1.87723,0.6145563
1929876337162479616,1.923848,0.01239162,-2.455972,0.3578295
1929877161796200448,1.838553,0.01266819,-1.548263,0.3710118
1929878811063642112,1.885162,0.01495738,-2.35642,0.4227893
1929880460331083776,1.905563,0.015321,-2.400771,0.4306444
1930969538191452160,1.571404,0.01494219,1.014599,0.4892541
1930971462336800768,1.946016,0.0126696,-2.314893,0.3623964
1930972286970521600,1.405266,0.009311579,1.379667,0.3726668
1930982182575171584,1.823663,0.02135835,-1.723545,0.5755517
1930982732330985472,1.83206,0.02989601,-1.062208,0.7646559
1932104227732088832,1.941502,0.01814825,-2.002647,0.4650872
1932134189423945728,1.821123,0.008624469,0.05024488,0.2646403
1932135014057666560,1.891597,0.01623629,-1.463291,0.4360178
1932146284051851264,1.975156,0.008577976,-1.920303,0.2565359
1932146833807665152,1.726897,0.02015976,0.1020179,0.5772467
1932147933319292928,1.961758,0.01597096,-1.825351,0.420472
1933310118049376256,1.91709,0.01535385,-2.534727,0.4275905
1933310667805190144,1.601691,0.03705058,-0.1698685,1.149932
1933311217561004032,1.917201,0.0146385,-2.245744,0.4034686
1933311492438910976,1.479522,0.0444019,0.7221263,1.508833
1935445644390983680,1.634244,0.03550734,-0.8371795,0.9725475
1935445919268890624,1.463838,0.0436862,0.09247578,1.358828
1935446194146797568,1.655847,0.01937925,0.5276766,0.5589979
1935446469024704512,1.417137,0.0716759,-0.1753569,2.390322
1935447018780518400,1.325042,0.04400242,5.434384,1.49217
1935448393170053120,1.128278,0.03119596,5.777929,1.397547
1935458563652610048,1.931405,0.01154004,-1.693162,0.3212512
1935459113408423936,2.044276,0.0225989,-2.422011,0.5220035
1937680401455671296,2.329276,0.1675698,-1.172198,2.472786
1937680951211485184,1.820714,0.01262774,-2.538128,0.3876103
1937714761194039296,1.901352,0.01700963,-1.997852,0.4588739
1937723832164968448,1.888428,0.02165051,-1.432429,0.5435858
1937724656798689280,1.897933,0.01300252,-2.253749,0.365914
1937726306066130944,1.780289,0.02099918,-1.728874,0.576869
1937737576060315648,1.914361,0.01858301,-2.582372,0.4754627
1937740874595198976,1.846663,0.03448151,-1.811313,0.8152674
1937753244101011456,1.889479,0.02012862,-2.155186,0.5127459
1937754343612639232,1.786004,0.01774152,-1.243593,0.4780077
1937760390926592000,1.705085,0.03420546,-0.7019587,0.9013172
1937784580182403072,1.525807,0.02796302,0.638654,0.9251112
1937788428473100288,1.913126,0.01045526,-2.32322,0.3171262
1937795025542866944,1.531152,0.02978184,1.032941,0.9282371
1937799698467284992,1.62958,0.01983854,-0.3872341,0.6184599
1937801622612633600,1.955044,0.01729983,-2.755773,0.4522321
1937803271880075264,1.781227,0.01478573,-1.241241,0.4364992
1937809319194028032,1.882903,0.0149703,-1.404411,0.4105033
1937813167484725248,1.982448,0.01444059,-2.630154,0.3939036
1937815091630073856,1.901317,0.01433574,-1.981417,0.3997152
1940014665446746112,1.263057,0.02727894,4.524057,1.117281
1940015215202560000,1.830892,0.03294306,-2.088573,0.8887252
1940016589592094720,1.738762,0.02687444,0.114537,0.7445099
1941088887535331328,1.87085,0.0221338,-0.9876053,0.5802306
1941091086558586880,1.26814,0.01944184,2.583984,0.8119619
1941097408750446592,1.259652,0.04317448,3.436168,1.74867
1941098233384167424,1.428169,0.03935409,3.797198,1.291905
1941099882651609088,1.582182,0.04527197,-0.35883,1.364124
1941100982163236864,1.984067,0.01887773,-2.375726,0.4941265
1941108128988817408,1.7009,0.01714523,-1.23416,0.5264096
1941110602889979904,1.849362,0.04848748,-1.158852,1.153045
1941110877767886848,1.959878,0.01924322,-2.539825,0.503282
1941111977279514624,1.878178,0.02064998,-1.692564,0.5525025
1941185919436482560,1.900428,0.01464005,-2.692657,0.4284808
1941188393337645056,1.778783,0.02517898,-2.31731,0.7340546
1941193890895783936,1.535475,0.03434293,-1.170284,1.148053
1941201312599271424,1.604974,0.02902432,0.1588221,0.9324789
1954563663872419840,1.906676,0.021323,-1.915412,0.5559669
1954566962407303168,1.694064,0.03833928,1.576634,1.025064
1954567512163117056,1.809981,0.03574121,-1.630801,0.9299347
1954703851604961280,1.351347,0.01933433,-0.2744241,0.7913756
1954712647697983488,1.579001,0.03392375,1.8117,1.011857
1954721993546819584,1.813279,0.01001777,-0.9129692,0.317987
1957960330134972416,1.661534,0.01627376,-0.5818772,0.5061682
1957961154768693248,1.482618,0.0605429,0.5235602,1.936015
1958104641036118016,1.276105,0.02403496,3.058521,1.009498
1958113712007047168,1.230967,0.01646143,3.760059,0.7265548
1958115636152395776,1.929465,0.0123574,-1.682456,0.3556381
1962543369544558592,1.864119,0.02568295,-1.335703,0.6904909
1963743761380960256,1.831057,0.01459361,-1.708402,0.4449273
1963744311136774144,1.984654,0.01547003,-2.826145,0.4375242
1964768506318710784,1.894386,0.03072159,-0.8109789,0.748173
1965854274067916800,1.932012,0.01858971,-3.011868,0.4892914
1965992812533016576,1.373246,0.01459419,3.049298,0.5752933
1965993912044644352,1.844807,0.01200948,-2.287811,0.3695489
1966982373216118784,1.881326,0.02258383,-2.679675,0.5804775
1966983197849839616,1.152591,0.01241116,4.487788,0.5807816
1966985671751002112,1.222063,0.01018274,0.7350777,0.4772391
1967005737838209024,1.715181,0.03362752,0.07307354,0.8880165
1967029927094020096,2.018988,0.01461889,-3.006743,0.3718685
1967030201971927040,1.296707,0.01972354,5.521377,0.731984
1967031026605647872,1.641235,0.02907252,-0.1925732,0.8547136
1967032400995182592,1.977235,0.02421384,-1.797159,0.5757298
1967034050262624256,1.44375,0.0302205,-0.6542898,1.116771
1967053841471924224,1.996521,0.0142067,-2.771766,0.386053
1967057140006807552,1.619589,0.04246825,2.856317,1.221364
1968223722464634880,1.757373,0.01689375,-0.982431,0.5081583
1968233892947191808,1.564847,0.0484984,1.110792,1.483577
1968235817092540416,1.646322,0.03835682,1.495805,1.098117
1968237191482075136,1.974027,0.01441357,-2.639825,0.4068277
1968246537330911232,1.965159,0.01367854,-2.718653,0.3866915
1969214386551678976,1.584085,0.01015761,-0.1222506,0.3466275
1969221808255166464,1.499408,0.02024931,1.382114,0.6444207
1969224831912142848,1.914834,0.01234324,-1.591935,0.3301888
1969226481179584512,1.275697,0.01458548,3.007751,0.6012857
1969315266743527424,1.994159,0.00779278,-2.109694,0.2281165
1969316091377248256,1.96697,0.01227494,-2.589348,0.3371565
1969316641133062144,1.910286,0.01171333,-1.729316,0.3244452
1969327911127246848,1.663844,0.0157568,0.3685347,0.4706793
1969337531853989888,1.82576,0.01179979,-1.145824,0.3371798
1971464537433466880,1.770574,0.02745238,-0.8371308,0.7254661
1971465087189280768,1.968491,0.0180718,-2.788403,0.4742845
1971465362067187712,1.896853,0.01431342,-2.494731,0.40187
1971465911823001600,1.916801,0.01968667,-2.987112,0.5153859
1979442314010978304,1.933745,0.02546293,-2.401855,0.6654674
1979445612545861632,1.46288,0.01938551,0.7864196,0.7287828
1979447261813303296,1.84061,0.01884772,-2.342858,0.5580043
1979447536691210240,1.354516,0.01651481,1.360279,0.6953858
1984963243130513408,1.31169,0.06059457,0.6397627,2.377087
1984977811659581440,1.758676,0.02841513,-2.029977,0.7959692
1984985783118882816,1.25039,0.0393783,1.795979,1.650056
1986172431110268928,1.141995,0.005624641,0.3589337,0.3063837
1986172705988175872,2.025917,0.0150034,-3.042006,0.3932718
1988407463388407808,1.197486,0.01206922,3.77606,0.5472647
1989502026676987904,1.180983,0.01777788,2.587432,0.8253319
1989515770572335104,1.146969,0.0109877,2.230358,0.554691
1989516045450242048,1.146178,0.01935787,1.888992,0.9811365
1989517144961869824,1.469542,0.01414398,0.9702998,0.5187266
1989518244473497600,1.66117,0.02012442,0.7667162,0.6018022
1989590262485116928,1.73435,0.02123834,-0.1516766,0.6248676
1989608404426975232,2.007494,0.01382739,-2.061233,0.3811608
1989609778816509952,1.589995,0.02038327,-1.012788,0.697102
1989610878328137728,1.62902,0.02937726,1.67025,0.8728428
1997391028025321472,1.651339,0.009020271,-0.4964932,0.3156728
1997392127536949248,1.628144,0.01619319,-0.5047105,0.5232506
1997394601438111744,1.552436,0.02505072,0.05194827,0.8337454
1997399824118343680,1.98336,0.008909087,-2.350839,0.270082
1997408070455552000,1.563681,0.02646781,-0.5429999,0.8500484
1997409994600900608,1.266589,0.01951841,3.834699,0.8154768
1997421264595085312,1.212942,0.01046639,2.704078,0.4867715
1998483669181818880,1.4136,0.02386636,3.303226,0.8277611
1998486417960888320,1.648467,0.02248187,0.6284242,0.6777322
1998486692838795264,1.567275,0.0186625,-3.006351,0.6751596
1998488891862050816,1.15619,0.03091275,5.878892,1.391753
1998495488931817472,2.151814,0.04809703,-3.064729,0.9293271
1998501261367863296,1.614552,0.05174338,1.544956,1.468717
1998507858437629952,1.957821,0.01912261,-3.061382,0.5071078
1998510332338792448,1.395292,0.04087867,1.208239,1.47447
1998510882094606336,1.625491,0.02326607,0.3634858,0.73006
1998524900867860480,1.358608,0.01800546,1.507199,0.7044879
1998531772815534080,1.292824,0.02413409,2.906955,0.9758325
1998536995495766016,1.915916,0.01842104,-2.275774,0.4912308
2000873732750469120,1.885003,0.01386781,-2.011075,0.4081348
2000874557384189952,1.997151,0.01308128,-2.015808,0.3619285
2000875382017910784,1.859111,0.01685702,-1.44201,0.4785026
2000876481529538560,1.436383,0.01617492,3.531971,0.5804502
2000877855919073280,2.065817,0.009058334,-2.474117,0.2721553
2000881429331863552,1.488269,0.009986284,-0.04471672,0.3900432
2000897097372559360,1.982473,0.0203373,-1.597103,0.5170361
2001943283122595840,1.377442,0.009516111,4.152831,0.377111
2001944657512130560,1.855126,0.01272679,-1.578134,0.3774798
2001953453605152768,1.328698,0.01198428,2.776251,0.5000615
2001955652628408320,1.946971,0.009324775,-2.453815,0.2906699
2001956752140036096,1.474844,0.01735229,1.954253,0.627433
2001957576773756928,1.615141,0.02933205,-0.07427416,0.9254538
2001964723599337472,1.875072,0.01597144,-2.173133,0.4583848
2001971870424918016,1.968377,0.01723633,-3.570792,0.4837823
2001972145302824960,1.403298,0.04071715,0.09955693,1.563041
2001973244814452736,1.82828,0.01172291,-1.992941,0.3774956
2001975993593522176,1.351782,0.03699013,2.735941,1.403784
2006437803390429184,1.76025,0.01718218,-0.8180813,0.4796177
2006516142184622080,1.435637,0.0368968,1.506362,1.274846
2006518066329970688,1.620919,0.02463203,2.090423,0.7256896
2007483164120868864,1.413155,0.03355961,1.2459,1.23201
2007496633138309120,1.663136,0.05154738,-1.886777,1.510993
2007503779963889664,1.291673,0.05629507,-0.3931533,2.301442
2007508727766214656,1.904114,0.01902368,-2.218401,0.5136499
2007509277522028544,1.929864,0.02382359,-2.589258,0.6128221
2007516149469702144,1.829041,0.02650485,-1.482943,0.687667
2007537864824350720,1.123382,0.009277778,2.486073,0.4746411
2007539514091792384,1.935501,0.01495331,-2.336941,0.4092884
2007571125051090944,2.030431,0.01462337,-2.285482,0.3928429
2008615403651098624,1.197286,0.01436143,1.544217,0.6828665
2010981827971409920,1.605391,0.01260635,0.09311114,0.4155397
2010982652605130752,1.418725,0.01636059,2.682862,0.5879012
2010997770890012672,1.35355,0.03715513,2.525202,1.346341
2010999145279547392,2.005915,0.010817,-2.373946,0.3036101
2011003543326058496,1.413776,0.01120197,4.844627,0.4054284
2011016462587684864,1.840434,0.01640963,-2.327163,0.4751683
2016490378139559936,1.700407,0.03482257,-1.750143,0.9523384
2017778730956515328,1.93842,0.01081832,-2.250666,0.3260519
2017779005834422272,1.436742,0.02063954,2.831546,0.7216909
2017780105346050048,1.6476,0.022829,0.1700773,0.7037359
2018741621771757568,1.477839,0.02021289,-0.8970602,0.7307081
2018754266155476992,1.372222,0.02527941,2.631429,0.9205946
2018767735172917248,1.953101,0.0169736,-1.958421,0.452092
2018769934196172800,1.659372,0.02824459,-0.6979748,0.8436061
2018820236853143552,1.473288,0.02329854,1.136254,0.7738301
2019898593300736000,1.188062,0.0260544,4.435955,1.135736
2019899143056549888,1.156006,0.01702138,4.512968,0.7788467
2019902441591433216,1.555488,0.02220324,0.6984378,0.692291
2019920583533291520,1.812183,0.01606941,-1.620877,0.4489484
2019924706701895680,1.564325,0.02748671,0.1682689,0.8433173
2023276842827409408,1.98644,0.0182733,-2.691651,0.4703063
2023277667461130240,1.949227,0.0203942,-1.855272,0.5153222
2023297458670430208,1.7146,0.02175712,-0.3979762,0.6355214
2027844757996201984,1.350549,0.01390704,4.117149,0.5360729
2027861800426432512,1.922979,0.01353097,-2.155484,0.369604
2027862899938060288,2.000054,0.008945799,-2.589535,0.2559779
2027864274327595008,1.851744,0.02124715,-1.869154,0.5717024
2027865098961315840,1.975803,0.009807058,-2.393609,0.2748392
2027865373839222784,1.811658,0.008531134,-2.109092,0.2765327
2027878842856663040,1.596835,0.0113112,0.7470706,0.3752896
2027883790658988032,1.87729,0.016795,-2.154363,0.4646532
2027888188705499136,1.953391,0.0132727,-2.352121,0.3652627
2027893411385731072,1.098621,0.003988953,1.493962,0.2388148
2027893961141544960,1.192786,0.02299803,2.285202,1.100541
2034639465296717824,1.776158,0.009113719,-1.569471,0.2913667
2034650185535088640,1.413524,0.01184823,2.446035,0.4437276
2036768663138232320,1.393835,0.009510428,3.263411,0.3621089
2036775260207998976,1.60866,0.02977104,0.0,-1.0
2036779383376603136,1.674085,0.01214802,-0.4822204,0.3838196
2036830235789387776,1.92709,0.0106595,-2.03288,0.2938133
2036844529440548864,1.375366,0.007151349,2.04075,0.2975648
2036857448702175232,2.02336,0.007348177,-2.7406,0.2221256
2037912979898394624,1.871897,0.01326179,-1.731086,0.3743269
2037947889392576512,1.895943,0.0145793,-1.919558,0.4049191
2037967680601876480,1.9899,0.01184452,-2.541531,0.332521
2037969879625132032,1.959419,0.00955883,-2.41276,0.2813756
2037981974253037568,1.888736,0.01541136,-1.657622,0.4202418
2037983348642572288,1.948693,0.01094117,-2.295646,0.3212339
2037992144735594496,1.469173,0.01769351,2.520006,0.6075092
2037993519125129216,1.611957,0.0249155,2.932781,0.7260127
2037993794003036160,1.961668,0.009717304,-2.541809,0.2873478
2039082031257774080,2.064427,0.01342128,-2.494918,0.3463445
2039083680525215744,1.893274,0.02270113,-1.599487,0.5843986
2041356927023212544,1.316536,0.008330737,0.631983,0.3777736
2041394860174370816,1.770051,0.01266827,-1.693634,0.390717
2041395135052277760,1.703337,0.01560432,-1.247947,0.4793554
2041395409930184704,1.147062,0.008756112,3.534148,0.4401204
2041395684808091648,1.260107,0.02687252,3.89821,1.072904
2041397608953440256,1.466695,0.007390939,0.8159012,0.2938448
2041398158709254144,1.470641,0.01320099,3.697838,0.4462728
2042409445467645952,1.925983,0.01580348,-2.769219,0.4333378
2042418791316482048,1.84678,0.01800663,-1.774524,0.490905
2042419890828109824,1.804662,0.01752673,-1.639206,0.4944981
2042515823217633280,1.806562,0.02232556,-1.835941,0.610972
2042519671508330496,1.952004,0.01071254,-1.995906,0.314042
2042530116868794368,1.923827,0.02295935,-2.714739,0.6050782
2043580963849529344,1.546492,0.03802312,1.94036,1.155633
2043596906768132096,1.233768,0.0460163,2.526432,1.98936
2043601304814643200,1.812808,0.01531891,-0.7852762,0.4426006
2043604328471619584,1.808177,0.01027378,-1.38384,0.3281832
2043604603349526528,1.654804,0.01565354,0.1821567,0.5001004
2043606527494875136,1.598107,0.01249708,0.0674157,0.4418952
2043616148221618176,1.887308,0.01673941,-0.5860425,0.45901
2043616972855339008,1.813181,0.01463407,-1.057351,0.4376107
2043618347244873728,1.313268,0.01843907,3.048436,0.7336451
2044696968738924544,1.278702,0.04775028,4.042614,1.819918
2044784105035425792,1.781288,0.01454106,-1.220605,0.4256169
2044785204547053568,1.416371,0.04511728,2.171708,1.575246
2044785754302867456,1.959279,0.01608472,-2.971153,0.429248
2045777512650270720,1.766304,0.03894036,0.1215072,0.9754457
2045780536307247104,1.876074,0.01918524,-1.869811,0.4971923
2045780811185154048,1.757763,0.01426488,-2.301034,0.4168127
2045844307981658112,2.08856,0.01343648,-2.936496,0.3292382
2045845682371192832,1.912001,0.02446105,-2.252417,0.6030812
2045848156272355328,1.360308,0.01531412,3.961698,0.557134
2045866023336306688,1.90502,0.0163448,-2.302619,0.443744
2045879492353746944,1.593227,0.01955975,0.3307145,0.6147907
2045914401847928832,1.713266,0.01395857,-0.2561951,0.4216638
2045917425504905216,1.377966,0.01183353,3.138932,0.4552198
2045917700382812160,1.892908,0.0139038,-2.740865,0.3950017
2046938333594019840,1.929528,0.0154382,-2.54516,0.4317211
2046938608471926784,1.957188,0.01730135,-2.712489,0.4616898
2046991385030060032,1.288285,0.0199838,2.015371,0.8894827
2047003204780058624,1.893521,0.01581535,-2.333557,0.448339
2047008702338197504,1.794074,0.02963764,-2.251996,0.8509648
2047011725995173888,1.570922,0.02397695,1.028399,0.7779557
2047012000873080832,1.660855,0.02711394,-1.218474,0.8373737
2047012275750987776,1.805013,0.03596634,-3.009117,1.022914
2047012550628894720,1.921374,0.02803049,-1.917654,0.7166041
2047036190128891904,1.873704,0.01687322,-2.074604,0.487214
2047044986221914112,1.937894,0.01752571,-2.008931,0.4861915
2047045261099821056,2.020627,0.01861146,-2.970749,0.5002451
2047053232559122432,2.008025,0.01378842,-2.103365,0.386399
2048090621796706304,1.620466,0.04474247,-0.5341331,1.288959
2048093920331589632,1.959501,0.02534625,-2.604266,0.6347194
2048157142250186752,1.947649,0.02195147,-3.053653,0.5937612
2048169786633906176,1.897413,0.02625956,-1.972247,0.6999236
2048170061511813120,1.970668,0.01726489,-3.419578,0.4883064
2049151095191660544,1.24343,0.004127622,2.942786,0.1945786
2049153569092823040,1.370196,0.01710737,1.651598,0.6441579
2049172810546309120,1.997752,0.01196768,-2.479881,0.3074629
2049173360302123008,1.271624,0.03001622,5.490638,1.081503
2050282200313653248,1.237529,0.02592776,4.337236,1.031244
2050284124459001856,1.990687,0.03030372,-2.281568,0.6764523
2050286323482257408,1.904518,0.02918157,-1.873802,0.6651905
2050287422993885184,1.525591,0.009653218,2.997071,0.3293478
2050288247627606016,1.538914,0.009782665,1.776144,0.3441526
2055992519522543616,1.95902,0.01178072,-2.089128,0.3408711
2055994993423706112,1.970369,0.009694383,-2.536542,0.3030303
2056004889028356096,2.012719,0.008915263,-2.739603,0.2759824
2057101652413933568,1.870436,0.01774464,-1.958313,0.4871357
2058168727995705344,1.734132,0.03192577,-1.598292,0.8808945
2058180547745703936,1.97013,0.01208392,-2.720701,0.3439713
2058204187245701120,1.623386,0.02114416,1.085459,0.6294448
2061525279783806976,1.696384,0.0256034,-0.7470886,0.7411311
2061525554661713920,1.979714,0.02103168,-2.363718,0.5407628
2061526104417527808,1.910613,0.05463293,-0.576635,1.223763
2061565686836127744,1.702873,0.00813063,1.092609,0.2665116
2061565961714034688,1.591705,0.01686706,-1.060334,0.5694095
2061566236591941632,1.283379,0.0155217,3.946249,0.6318676
2061668766051231744,1.944988,0.01384558,-2.456673,0.4010371
2062658321516619776,1.306444,0.05971055,-2.222721,2.583326
2062661345173596160,1.83354,0.01878451,-1.204806,0.4999344
2062677013214291968,1.209669,0.0106919,5.067147,0.4678515
2062680861504989184,1.329362,0.01139697,1.803116,0.4721728
2062709723685218304,1.141219,0.03386309,0.2243974,1.602294
2062722917824751616,1.48242,0.03451594,1.774992,1.057726
2062745182935214080,1.775365,0.01652603,-1.042282,0.4831386
2062753154394515456,1.140508,0.006563988,2.770183,0.3514053
2062758651952654336,1.284312,0.01148169,2.057245,0.4995728
2062810328999159808,1.279607,0.01242793,3.665587,0.527478
2062819949725902848,1.296509,0.01932952,2.544234,0.7842528
2063803467943667712,1.687086,0.02894245,-0.02037206,0.771013
2063822159641339904,1.766286,0.02176259,-2.778717,0.6209454
2063824633542502400,1.366743,0.04926223,6.302355,1.515761
2063827657199478784,1.899278,0.02509039,-2.516828,0.6298748
2063827932077385728,1.175863,0.03784299,4.493239,1.601518
2063828206955292672,1.733059,0.01875095,-1.007326,0.5385666
2063828481833199616,1.702192,0.01601592,0.2551254,0.4601262
2063829031589013504,1.868777,0.01909335,-2.611238,0.5137814
2063907646670399488,1.554587,0.02843784,0.118498,0.9119487
2063910945205282816,1.672149,0.02658221,-0.9278789,0.7811871
2063917817152956416,1.235049,0.02026353,5.425951,0.8275695
2063920291054118912,1.945235,0.0115786,-2.120336,0.3282563
2063929087147141120,1.274114,0.007054047,3.24793,0.3152576
2063941731530860544,1.300349,0.01747686,2.121565,0.7253599
2063942556164581376,1.797908,0.01728057,-2.030397,0.4964108
2063944205432023040,1.977046,0.01248177,-2.440037,0.3389103
2064940637861472256,1.753756,0.01522108,-0.9300749,0.4464782
2064941462495193088,1.91218,0.02124696,-2.780364,0.5410937
2064943936396355584,1.954109,0.02017288,-3.130041,0.5117315
2064944211274262528,1.708209,0.04335565,-1.624038,1.172246
2064961528582400000,1.537747,0.0323359,-0.129708,1.022646
2064970324675422208,2.019218,0.01596054,-3.071262,0.4108239
2064995888320768000,1.370091,0.04607989,2.977336,1.77855
2064999186855651328,1.64496,0.0405843,2.553498,1.166912
2065020902210299904,1.873056,0.02222478,-1.368785,0.5781193
2065063233407969280,1.914666,0.01227233,-2.365433,0.3559473
2065069830477735936,1.863119,0.02228193,-1.466768,0.5901867
2065070929989363712,1.760062,0.03486466,-1.883419,0.9653943
2066038775116490752,1.911304,0.02142918,-1.836457,0.5450518
2066040149506025472,1.994413,0.0253907,-2.556178,0.6131631
2066040424383932416,1.860397,0.02648302,-2.299397,0.6952294
2066051694378117120,1.928663,0.02722044,-2.34603,0.685524
2066072859976951808,1.32071,0.01129525,5.354185,0.4325902
2066074234366486528,1.897817,0.01295052,-1.505831,0.3662686
2066084129971136512,1.910564,0.01426295,-1.730912,0.3925509
2066085504360671232,1.643199,0.06177089,-1.144577,1.711274
2066086603872299008,1.426727,0.01332728,0.1539158,0.5065234
2066156147982755840,1.332614,0.04159287,2.067951,1.598053
2066156422860662784,1.891529,0.02074464,-2.125036,0.5454316
2066157797250197504,1.200419,0.01065492,3.832035,0.4924364
2066158072128104448,1.93918,0.01109366,-1.717843,0.3189591
2066171541145544704,2.016775,0.0196993,-1.989409,0.4792024
2066180612116473856,1.943204,0.01727358,-3.197124,0.4737796
2066183086017636352,1.234152,0.0233523,4.107095,1.008368
2066196005279262720,1.330349,0.02775673,4.554064,1.043983
2067213328479971328,1.563643,0.02925854,3.091593,0.8403622
2067217176770668544,1.653776,0.01927014,0.2118525,0.5655536
2067225972863690752,1.921201,0.02221798,-2.294981,0.5481142
2067226247741597696,1.471315,0.04067431,2.989738,1.27647
2067228171886946304,1.834408,0.01907483,-0.8573848,0.4896707
2067241915782293504,1.832202,0.01691361,-1.28169,0.4663975
2067245764072990720,1.344617,0.02603075,2.198248,1.0294
2067249062607874048,1.847242,0.01149039,-1.035465,0.3301907
2067272152352057344,1.376242,0.008855328,1.932168,0.3570314
2067301289410193408,1.402797,0.04602249,2.082944,1.603005
2067313109160192000,1.31545,0.01932709,0.6719642,0.809466
2067313384038098944,1.432779,0.01432558,-0.174386,0.5519877
2067313933793912832,1.466997,0.01993261,1.290476,0.7041546
2067316132817168384,1.58628,0.01740683,-0.2038236,0.5731817
2069421129373607936,1.450363,0.05018067,2.712081,1.664627
2069433224001513472,1.713774,0.02438199,-1.073314,0.707731
2069436797414303744,1.913483,0.01067943,-2.259479,0.3207566
2069443119606163456,1.370885,0.0114219,1.841884,0.4579233
2074057770478364672,1.811343,0.02165626,-1.199193,0.5953538
2074067940960921600,2.007428,0.008139251,-2.339128,0.2540931
2074069040472549376,1.92028,0.01680629,-2.376394,0.4690263
2074072064129525760,1.511059,0.02741075,1.534036,0.9165859
2080669969921632256,1.933913,0.01413289,-2.17123,0.3859413
2080681789671630848,1.870036,0.01495989,-2.317376,0.4280952
2080682614305351680,1.568105,0.0499193,1.372667,1.448252
2080684263572793344,1.903945,0.02055654,-3.367594,0.5444924
2080684813328607232,1.67197,0.02916902,-0.2693079,0.7973572
2080694434055350272,1.844464,0.02119445,-2.178201,0.5819837
2081800537149302784,1.85312,0.02603532,-1.247212,0.6695875
2081814830800463872,1.743218,0.05317169,-0.5341117,1.397513
2081815655434184704,2.023873,0.01118937,-2.456569,0.3162884
2081816205189998592,1.710772,0.02643172,-0.8113101,0.7656378
2081823901771393024,1.398998,0.03206193,3.362316,1.103862
2081824726405113856,1.523548,0.02391113,0.114316,0.7881014
2081844792492320768,1.692037,0.009598879,0.9378893,0.309277
2081858261509761024,1.746296,0.03256414,-0.001581053,0.8643382
2081860460533016576,1.409906,0.01365008,0.561374,0.5383465
2081937701224867840,1.395967,0.03474623,0.9493725,1.35315
2081956667800446976,1.754825,0.01196313,-0.4553258,0.3739508
2081956942678353920,1.998127,0.03116761,-1.259919,0.7286462
2081958591945795584,1.355141,0.02033532,4.984909,0.7669822
2082957222375090176,1.272662,0.01335551,2.312981,0.5542526
2082960246032066560,1.393929,0.01843908,2.239506,0.6522176
2082962994811136000,1.207558,0.01122363,2.527748,0.5168148
2082978387973924864,1.2823,0.01481182,3.14282,0.5974035
2082979212607645696,1.517396,0.07450095,1.665454,2.402255
2083004501375084544,1.928622,0.01936905,-1.766086,0.4919056
2083014946735548416,2.038396,0.0115379,-2.074931,0.3096227
2083016046247176192,1.672337,0.09803446,2.567983,2.573078
2083027591119267840,1.940823,0.02474362,-1.593828,0.596527
2083029790142523392,1.903458,0.03530202,-1.136288,0.8410845
2084078444961884160,1.142735,0.011925,5.33014,0.5554153
2085246401356261376,1.728809,0.02885391,-0.5161477,0.7605607
2085250249646958592,1.661955,0.02323551,-1.120435,0.6945553
2086328871090677760,1.184672,0.04545608,2.073608,2.200389
2086331344991840256,1.721433,0.01861214,-0.5143676,0.5384219
2086332719381374976,1.237678,0.03040773,4.750461,1.294906
2086349761811605504,1.962424,0.01794366,-2.499847,0.4676642
2087484732689377280,1.391462,0.01804232,3.817304,0.6388253
2087488031224260608,1.4044,0.04857625,-0.9774925,1.863759
2087579840445179904,1.871646,0.0116809,-1.783339,0.3454271
2087580939956807680,1.371284,0.05260624,1.136282,2.06265
2087591110439364608,1.716277,0.06553196,0.6006491,1.789215
2103325667427903488,1.793857,0.01649925,-1.02399,0.4769497
2103329515718600704,1.296713,0.007845734,3.846395,0.333822
2103331989619763200,1.755866,0.01825048,-0.5340764,0.5228844
2103341610346506240,1.221405,0.01196577,3.31653,0.5604972
2103343534491854848,1.955539,0.01664547,-2.041776,0.441927
2103344084247668736,1.955788,0.01072901,-2.632549,0.3098976
2103345183759296512,2.015469,0.009244457,-2.54343,0.2759664
2103345458637203456,1.971759,0.01221243,-2.410442,0.3459479
2103355354241853440,1.378049,0.02719356,2.324166,1.057767
2103355629119760384,1.887063,0.01296455,-1.934278,0.3779419
2105475763506538496,1.818399,0.02310729,-1.584207,0.6307063
2105485384233281536,1.785014,0.02947817,-0.9351125,0.7830274
2105486758622816256,1.935445,0.01919633,-2.08833,0.5081154
2105495279837931520,1.198124,0.01166531,4.242427,0.5252883
2105496929105373184,1.745163,0.03234962,-1.393855,0.8861866
2105497753739094016,1.313268,0.0352886,2.936687,1.33369
2106560706622023680,1.840116,0.02787292,-2.526657,0.7110554
2106561531255744512,1.896903,0.01923016,-2.319809,0.4868032
2106564005156907008,1.805892,0.01770183,-2.047538,0.4887021
2106571701738301440,1.848859,0.02061639,-1.85817,0.5492978
2106573625883650048,1.297578,0.03438207,4.151129,1.290539
2106573900761556992,1.887189,0.01859616,-2.622869,0.480327
2106647293162711040,1.812894,0.01253607,-0.7875652,0.3618505
2106649492185966592,1.281105,0.01721011,2.62533,0.7124091
2106651416331315200,1.383787,0.05379884,3.313471,1.900167
2106651691209222144,1.857204,0.02277523,-0.9720262,0.5788015
2106651966087129088,1.831847,0.01365556,-1.848451,0.3916074
2106686050947590144,1.28185,0.02668074,4.376404,1.033847
2106687700215031808,1.517034,0.01746589,-0.4306994,0.6015769
2106689349482473472,1.555477,0.03225058,1.000262,0.9808492
2106694847040612352,1.878573,0.01726663,-1.904735,0.4568248
2106722884587120640,1.886177,0.02338053,-1.952275,0.5940115
2106730306290608128,1.816291,0.02379641,0.6843004,0.5982557
2107704198748465152,1.79756,0.02811172,0.1898755,0.7154854
2107705023382185984,1.9065,0.02398223,-2.633567,0.6061682
2107712719963580416,1.944445,0.0242222,-1.187889,0.5757265
2107716293376370688,1.932156,0.04224715,-2.052627,0.9692926
2107716843132184576,1.965101,0.02416521,-2.030691,0.5787254
2107718492399626240,2.026667,0.02316761,-2.51546,0.5344673
2107740207754274816,1.934983,0.03226878,-2.068673,0.7590237
2107741582143809536,1.894163,0.03885816,-1.417017,0.8885561
2107810026742638592,1.554583,0.01194684,2.232456,0.4036546
2107837514533332992,1.844288,0.02555463,-0.6594603,0.658845
2108871897730017280,1.961647,0.01379421,-2.71809,0.3814225
2108907356980013056,1.813497,0.01455463,-0.8784829,0.4208281
2108915878195128320,1.893043,0.02557094,-2.546912,0.6697567
2108918077218383872,1.970688,0.01427061,-2.453026,0.3963757
2108919726485825536,1.957041,0.0148359,-2.038285,0.4013619
2109955191812941824,1.967243,0.01619663,-1.691385,0.4188588
2109956841080383488,1.804453,0.01866266,-0.98756,0.4985169
2109964262783870976,1.572759,0.04857322,-0.5581687,1.509645
2109966736685033472,1.702413,0.03022688,-0.4421287,0.8431172
2113347460263864320,1.498392,0.01401164,1.668654,0.4477987
2113348010019678208,1.217522,0.02804086,2.627815,1.218321
2113348284897585152,1.840646,0.01584999,-1.466267,0.4108879
2113356256356886528,1.344869,0.03831217,3.20812,1.320346
2115590464219408384,1.613096,0.03734991,-1.480836,1.099408
2115591838608943104,1.858418,0.01753725,-2.086053,0.4749697
2115592388364756992,1.242063,0.0257441,2.969059,1.026175
2115602009091500032,1.48339,0.06265521,3.653445,1.797277
2115602833725220864,1.746119,0.03040485,-1.140822,0.7917617
2164035476783130624,1.669351,0.05329131,0.4525342,1.44695
2164036301416851456,1.994448,0.171206,0.593699,3.113308
2164139930387769344,1.761566,0.03267323,-0.7056552,0.8951946
2164151200381954048,1.838875,0.02274981,-0.6885071,0.6011389
2164152849649395712,2.039996,0.02286245,-1.365036,0.5279526
2164154498916837376,1.9354,0.01419352,-1.805216,0.3848168
2165170997483825152,1.999173,0.01331714,-2.31567,0.3498972
2165171272361732096,1.840377,0.02015544,-1.063683,0.5406097
2169660303493588992,2.060169,0.008330326,-2.617202,0.2324652
2169662502516844544,2.109102,0.009152971,-2.645916,0.247754
2169670473976145920,1.845821,0.01879358,-0.6930286,0.4928692
2169673222755215360,2.020988,0.01018939,-1.882717,0.2734922
2169688890795911168,2.043013,0.01010207,-2.075313,0.2668887
2169715553952884736,1.896648,0.00836391,-1.537815,0.251846
2173038003650324480,1.926309,0.0167461,-2.25729,0.4458395
2173038278528231424,1.956068,0.01173312,-2.75365,0.3337809
2173039652917766144,1.912013,0.01234346,-2.489448,0.3558004
2173040202673580032,1.698681,0.03210058,-0.3622523,0.8908889
2173045700231718912,1.822574,0.01913559,-1.840691,0.5298073
2173047899254974464,1.366075,0.02483199,0.8929036,0.9493352
2173050098278230016,1.831189,0.02919674,-3.071188,0.7767812
2173054221446834176,1.734481,0.02044676,-0.586473,0.5723109
2173056420470089728,2.003947,0.02202922,-2.836681,0.5259351
2173058069737531392,1.875777,0.01162801,-2.285865,0.3448122
2179894557875922944,1.886748,0.008476712,-1.197781,0.2724418
2179902529335224320,1.80018,0.008781061,-0.865845,0.2910045
2179905278114293760,1.376231,0.02230521,3.118874,0.8606439
2179906377625921536,1.410986,0.004456514,5.001695,0.1880291
2182100728779139072,1.854351,0.01112527,-1.829848,0.347351
2182111998773323776,1.888423,0.01109966,-2.244556,0.342576
2182113373162858496,1.861249,0.01625668,-1.025603,0.4546925
2182114747552393216,1.980211,0.01033532,-2.35911,0.3007354
2183242022016542720,1.901062,0.01123875,-1.938012,0.3290761
2183245045673519104,1.738286,0.02946559,-0.7755685,0.8557831
2183255216156076032,1.983384,0.01475953,-2.502014,0.4057187
2183259889080494080,1.164711,0.007944811,2.160383,0.4128115
2184257970659944448,1.819335,0.01123316,-0.9878091,0.3441645
2184268141142501376,1.171184,0.01328657,1.478501,0.6252426
2184273363822733312,1.573946,0.03300748,-0.04707111,1.029273
2184395409613416448,1.491292,0.02137733,0.5361322,0.7751412
2184407229363415040,1.830309,0.02139788,-2.884232,0.6347873
2184409153508763648,1.438909,0.01199083,1.417353,0.4694751
2184410527898298368,1.793326,0.01974971,-1.757701,0.5804837
2188826991262722048,1.967779,0.01250276,-2.672725,0.3380082
2188830564675512320,1.61949,0.01555033,-0.8950067,0.498273
2188903957076666368,1.728514,0.008770311,-0.7301173,0.2957044
2188905056588294144,1.78391,0.01676308,-1.342504,0.4895582
2188905881222014976,1.233192,0.01060161,3.908904,0.487558
2188917975849920512,1.256311,0.01354702,4.405317,0.5858147
2189975706069395456,1.838832,0.03260614,-2.12911,0.8890023
2190019686534506496,1.914465,0.01802612,-2.423347,0.5041097
2190021060924041216,1.30083,0.008880645,1.44047,0.4015783
2190022710191482880,1.964504,0.0103449,-2.642309,0.3152688
2191035910911453184,1.41396,0.05311354,0.9285442,1.978734
2191057076510287872,1.38329,0.02606783,1.907659,0.9859024
2191060924800985088,1.701897,0.02196724,0.610166,0.6236187
2191070270649821184,1.205176,0.01528217,4.236339,0.6787534
2194379525788297216,1.308979,0.03636705,0.5376571,1.492119
2194379800666204160,1.939223,0.01975624,-2.767262,0.5231938
2194381449933645824,1.963865,0.01169775,-2.380097,0.3338663
2198971909721319424,1.419454,0.02069749,1.775578,0.8023937
2219156471218726912,1.157536,0.01529718,4.472448,0.7367169
2219159769753610240,1.81167,0.02334615,-1.917363,0.6526424
2219169390480353280,1.1391,0.02186989,0.9815912,1.104276
2221429435960158208,1.832079,0.02490273,-2.270639,0.6789981
2221431909861320704,1.485272,0.04113609,1.090643,1.342506
2221443729611319296,1.71498,0.05363741,-0.5355335,1.426543
2222527298286938112,1.243532,0.02740937,3.002509,1.152424
2223739789834741760,1.887324,0.008904762,-0.652531,0.2759262
2224781296637339648,1.957002,0.02902664,-1.763367,0.6823255
2224799163701291008,1.897528,0.0239036,-1.650446,0.5812805
2224799713457104896,1.970876,0.05284223,-1.972839,1.175052
2227091371775256576,1.960669,0.01863258,-3.114272,0.4937879
2227093845676419072,1.286196,0.01755136,2.420998,0.7093909
2227096044699674624,2.024867,0.0142534,-2.656067,0.3800098
2227110063472928768,1.222587,0.01464027,3.354688,0.6309893
2228315677268142080,1.813068,0.02564749,-1.763057,0.7311719
2228317601413490688,1.903865,0.01224251,-1.740551,0.3665731
2228320350192560128,1.314707,0.03109751,1.880257,1.298834
2230469895961733120,1.412218,0.02168978,2.883377,0.7571334
2230471270351267840,1.38133,0.02073297,3.158755,0.746514
2230472369862895616,1.523483,0.0465021,3.731266,1.353602
2235011153325484032,1.979339,0.01084125,-2.349626,0.3172227
2235015551371995136,1.345179,0.02134909,4.440248,0.8511102
2235015826249902080,1.67703,0.02256902,0.4189236,0.7711175
2238346797363783680,1.938701,0.01298673,-2.150707,0.3721338
2238413317817264128,1.870589,0.01641276,-1.721754,0.4651081
2238414692206798848,1.835815,0.01460034,-1.192721,0.4367366
2238420189764937728,1.19553,0.01668813,4.46573,0.7579412
2239481773325051904,1.990864,0.0142817,-2.944667,0.3870642
2239482048202958848,1.67156,0.03349997,-0.8944812,0.9729757
2239483422592493568,1.416881,0.03121543,3.320324,1.049869
2240547469937108992,1.163041,0.005793368,2.209347,0.3022242
2240547744815015936,1.455945,0.02101914,1.852204,0.7321064
2240549119204550656,1.855298,0.01892162,-2.600733,0.535176
2243930122325354496,1.901441,0.02055035,-1.505218,0.545589
2243930946959075328,1.24419,0.008290739,4.230396,0.3685381
2243933145982330880,1.702643,0.06866633,1.956934,1.747534
2243933970616051712,1.337255,0.02258677,2.013957,0.8936011
2243934795249772544,1.427493,0.01436422,2.606372,0.5283146
2243951562802096128,1.986009,0.01176091,-2.302819,0.3369368
2243971354011396096,1.944478,0.01902524,-2.181723,0.5094178
2243971628889303040,1.967209,0.01712235,-2.588117,0.4669523
2244035950319527936,1.722921,0.05793918,-1.358614,1.590497
2244039523732318208,1.994628,0.01181778,-3.017946,0.3462423
2244052168116037632,1.904631,0.02080805,-2.256729,0.5707256
2244053542505572352,1.759442,0.07150825,-2.470466,1.925631
2244054916895107072,1.944512,0.02040559,-1.096047,0.5274013
2244058215429990400,1.773039,0.02419329,-1.415087,0.7122395
2244061239086966784,1.881336,0.01155261,-1.751162,0.3586916
2244070310057895936,1.915759,0.01208656,-2.652016,0.3666317
2246243763846408192,1.676715,0.04612754,1.554317,1.232335
2246256683108034560,1.485891,0.0317336,2.250347,1.048378
2246257232863848448,1.996873,0.01265772,-2.927199,0.3531062
2248450484136339456,1.712903,0.01331962,-1.312308,0.4230708
2248454882182850560,1.891424,0.01311395,-2.813854,0.3770544
2249551370002655232,1.207405,0.01999737,1.787628,0.9231697
2249551644880562176,1.966437,0.01646998,-2.232855,0.44485
2249552469514283008,1.86051,0.02087358,-1.856883,0.5699885
2249558516828235776,1.354312,0.0269518,2.879765,1.028131
2249578857793349632,1.616044,0.01937401,-0.5270573,0.6281717
2249586829252651008,1.636034,0.02150369,0.3897973,0.6557085
2249592601688696832,1.762268,0.00934769,-1.345755,0.3119859
2249596175101487104,1.799983,0.02410218,-1.364881,0.678246
2249600023392184320,1.392585,0.03392247,1.862518,1.262374
2249650051171248128,1.854009,0.02129002,-2.218552,0.6062979
2249650326049155072,1.873427,0.01869345,-1.824816,0.5283976
2249650875804968960,1.411151,0.05398525,0.3113551,2.035843
2250723725450176512,1.34161,0.03632578,2.080138,1.438328
2250724550083897344,1.989048,0.01059342,-2.256131,0.3075754
2250725374717618176,1.281793,0.03643527,2.372077,1.529413
2250736369833895936,1.467682,0.05277088,0.9389409,1.788249
2250781174932727808,1.95385,0.01430711,-1.454355,0.3955138
2250792444926912512,1.353681,0.03221526,0.7215012,1.273558
2250794094194354176,1.890167,0.01146218,-1.607539,0.347203
2256360650613745664,1.612515,0.013255,0.5300245,0.4324219
2256361750125373440,1.787394,0.01059273,-0.2299449,0.3204509
2256369721584674816,1.360827,0.01242243,2.311558,0.496247
2256382091090487296,1.989676,0.01363069,-0.9093729,0.3575187
2258720473066006528,1.937704,0.01846054,-1.463005,0.4923632
2259681446195128320,1.486009,0.02450548,-1.341628,0.8842742
2259681721073035264,1.692007,0.01984955,-0.9221196,0.6202235
2259682270828849152,1.909002,0.01824878,-2.706861,0.5106221
2259683095462569984,1.672574,0.03674795,-1.378198,1.059671
2259721303491635200,1.327798,0.01578676,2.07665,0.6309215
2259722677881169920,1.718615,0.01524668,0.7283752,0.4540308
2259723777392797696,1.721698,0.04197377,-1.628343,1.152799
2259728725195122688,1.366922,0.02164902,0.8420802,0.8535812
2259775454439303168,1.525874,0.01988263,0.6290246,0.6825448
2260879364096813056,1.249127,0.03994335,4.145283,1.593273
2260881837997975552,1.230279,0.02608133,2.297165,1.152882
2260895032137508864,1.40235,0.01210489,2.294492,0.4559956
2262008294891612160,1.875963,0.02943796,-1.942036,0.7326171
2262041829996259328,1.944373,0.0145009,-2.138024,0.4104183
2264188619654719488,1.742085,0.01247523,-0.2251904,0.3805626
2264352172009351168,1.161708,0.02682471,3.852389,1.279179
2265438489396930560,1.873976,0.02009515,-1.805674,0.5529609
2265447560367859712,1.823276,0.01500649,-2.16072,0.4542812
2265454707193440256,1.34008,0.0258094,1.653885,1.048195
2265457455972509696,1.912133,0.01535514,-2.075782,0.4410055
2265458280606230528,1.166525,0.02816646,2.448662,1.402912
2267577588715120640,1.905984,0.0172693,-2.000327,0.4525821
2269815100565121024,1.919814,0.02754385,-2.638256,0.6897125
2269825820803491840,1.961585,0.02125468,-3.467431,0.5596544
2269826645437212672,1.864359,0.0376812,-1.618693,0.9450004
2271052045693773824,1.855499,0.03848708,-2.018843,0.9997941
2271052870327494656,1.846782,0.02092052,-2.005876,0.5869094
2271053969839122432,1.995629,0.02081879,-2.84222,0.5413181
2271061391542609920,1.86407,0.01365271,-2.070613,0.4053381
2271066339344934912,1.76774,0.02032917,-3.681818,0.6357907
2272166955953711104,1.62481,0.0188284,0.110574,0.5801744
2272168055465338880,1.961643,0.01342134,-1.884375,0.3633634
2272169429854873600,1.839074,0.01199633,-1.38963,0.3480488
2272169979610687488,1.934012,0.01273689,-2.051162,0.3550785
2272170529366501376,1.906133,0.01560269,-1.747363,0.4183449
2275478129768163328,1.175162,0.03579536,3.497774,1.643083
2275478404646070272,1.923202,0.01511084,-1.908883,0.406268
2276735427220105216,1.541772,0.03784985,0.8630728,1.269168
2276735976975919104,1.422361,0.03133847,2.251648,1.151447
2277731310279616512,1.206675,0.01398562,4.510475,0.6174553
2277751926122637312,1.835301,0.02732335,-1.532865,0.7142565
2277753025634265088,1.996566,0.01478288,-2.690755,0.3992833
2277763745872635904,1.835004,0.02524249,-1.840412,0.6709832
2277768418797053952,1.202299,0.02583898,3.294845,1.135049
2277769243430774784,1.528259,0.05267489,3.201507,1.569972
2277769793186588672,1.305933,0.04611716,6.5632,1.558605
2278904208470075392,1.300859,0.01410142,1.96563,0.5883671
2278906957249144832,1.840157,0.03113963,-0.9386657,0.8045748
2278909156272400384,1.102974,0.008936112,3.366267,0.4669894
2278909431150307328,1.868358,0.0227758,-2.414516,0.6065302
2285638167367280640,1.639121,0.0150516,1.372722,0.4671743
2285640641268443136,1.998295,0.01432182,-2.381572,0.3914983
2285641191024257024,1.702093,0.02041988,-0.2366706,0.6051654
2287955393424418816,1.625812,0.05298263,2.223239,1.452505
2287956218058139648,1.688788,0.0271228,-0.349093,0.7691313
2287956767813953536,1.926589,0.01300582,-1.959342,0.3631207
2287957867325581312,1.676709,0.05973791,0.710479,1.570781
2288979307940308992,1.542229,0.0276616,-0.06312549,0.8912034
2288980132574029824,1.812641,0.01537976,-1.484848,0.4503739
2288989203544958976,1.559915,0.01053949,1.226376,0.3691377
2288992227201935360,1.112434,0.0611654,6.128303,2.793062
2289079638376343552,1.954252,0.01375818,-2.538603,0.3839093
2289098879829829632,1.944116,0.01160065,-2.203287,0.3378748
2289099704463550464,1.89584,0.0120084,-2.174731,0.3587124
2290201964702623744,1.652062,0.01301286,0.05211147,0.4325466
2290213234696808448,1.628447,0.01833107,0.08223353,0.5933635
2290219556888668160,1.860423,0.01212007,-1.450251,0.3692942
2291306698507315200,1.9882,0.02510112,-2.640742,0.6435261
2291310546798012416,1.670244,0.03823517,0.5846521,1.085243
2293608526267836416,1.297071,0.02062404,3.063811,0.8611403
2293609076023650304,1.614807,0.03411592,2.475772,0.9972944
2293611275046905856,1.981872,0.01242236,-2.233163,0.3566793
2293617872116672512,1.867852,0.01478828,-2.367005,0.4442858
2344135482134259712,1.673111,0.02573892,-1.267275,0.7858573
2344136581645887488,1.859953,0.01258141,-1.558518,0.3712603
2344137406279608320,1.245225,0.03241273,5.955478,1.225615
2352177587406530560,1.994401,0.009643979,-2.394117,0.2691297
2352178412040251392,1.951925,0.01166456,-1.476045,0.3114121
2353222122865715200,1.353922,0.01643745,2.072887,0.6634445
2353287818685474816,1.080044,0.02748746,1.536567,1.614183
2354359567376214016,1.855845,0.03443161,-1.019851,0.8797798
2354371112248305664,1.951541,0.01746,-1.76857,0.4603024
2354373861027375104,1.388581,0.02913773,3.223138,1.095526
2355510481390692352,2.016491,0.01419413,-2.295757,0.3802283
2355511580902320128,2.077041,0.0147868,-2.457069,0.3805874
2355515704070924288,1.550313,0.02425658,1.814175,0.7826861
2356517640047978496,1.884635,0.01729456,-2.128428,0.4785536
2356517914925885440,1.942935,0.02017183,-2.930078,0.5306678
2356518464681699328,1.945477,0.01740363,-2.583211,0.4607629
2356518739559606272,1.889654,0.02202078,-3.206717,0.590278
2356519014437513216,1.919505,0.02097543,-1.517458,0.5380388
2356519564193327104,1.814677,0.0194981,-2.32627,0.5477788
2356530284431697920,1.720012,0.04469706,-0.5698931,1.101518
2356597354640992256,1.971113,0.01107126,-1.916919,0.3225543
2356597629518899200,1.543922,0.07835666,-1.027491,2.545116
2356599828542154752,1.855381,0.03312845,-1.317267,0.8628644
2356600653175875584,1.971501,0.01530215,-1.873451,0.4137014
2356600928053782528,1.843032,0.01530389,-1.382395,0.4469429
2356609999024711680,1.698029,0.07013877,1.764042,1.850029
2356652055344474112,1.545725,0.0177421,0.1555579,0.6152592
2356655353879357440,1.307268,0.04048506,-0.1414549,1.75524
2356655628757264384,1.958041,0.01230438,-2.713152,0.3600328
2356655903635171328,1.241978,0.0179584,4.579296,0.7751165
2356663050460751872,1.999911,0.01776834,-2.177021,0.4755059
2356664974606100480,1.307815,0.03367052,1.214242,1.397051
2356674870210750464,1.350108,0.0277604,2.345661,1.0835
2356675145088657408,1.80981,0.01860887,-1.769379,0.5500991
2356675694844471296,1.828555,0.01443559,-1.867779,0.4328446
2356683116547958784,1.256078,0.01398746,3.344709,0.6259757
2357666355374745600,1.912241,0.01585331,-2.671577,0.4450322
2357673777078233088,1.883306,0.02297646,-2.479484,0.6241391
2357677075613116416,1.61715,0.008268965,1.352417,0.2881107
2357677625368930304,1.906459,0.01500744,-2.014473,0.4233607
2357677900246837248,1.797559,0.01912442,-1.514626,0.5455967
2357679274636371968,1.900772,0.03213156,-1.988209,0.8142999
2357681473659627520,1.866624,0.02093603,-2.143126,0.5695988
2357682298293348352,1.43402,0.04898802,3.331974,1.72113
2357745245334038528,1.889355,0.02326699,-2.088664,0.6188117
2357749368502642688,1.960131,0.0151469,-2.597016,0.4233451
2357757614839851008,1.622348,0.03439715,0.09269965,1.022297
2357768060200314880,1.270944,0.007046082,3.977203,0.3107822
2357775756781709312,1.485814,0.03344781,0.8652321,1.122956
2357776306537523200,1.825626,0.01535308,-1.656764,0.4524493
2357785377508452352,1.895137,0.0230245,-2.52729,0.6240048
2358760912875186176,1.379587,0.04823414,1.199302,1.88659
2358765860677511168,2.037796,0.01561322,-2.961757,0.4119083
2359989616649463808,1.975715,0.01647106,-2.681772,0.4602398
2361062465875240960,1.3552,0.008874913,-0.1414303,0.3899206
2361072911235704832,1.308552,0.0174171,3.50478,0.6774071
2361073186113611776,1.997156,0.01006856,-2.15875,0.2893646
2361074010747332608,1.8654,0.0177284,-1.025046,0.4799317
2361075385136867328,2.032984,0.01971128,-2.783694,0.4917069
2361076209770588160,1.886384,0.01936375,-1.608791,0.5103361
2361077034404308992,1.873436,0.01921005,-1.00483,0.5077872
2364413506163337216,1.285175,0.01479429,3.998794,0.590591
2364423401767987200,1.406845,0.01139993,3.503704,0.4306437
2364426975180777472,1.217551,0.01751765,2.188514,0.8036897
2364461609797052416,1.460855,0.02364476,1.08926,0.8399252
2364462434430773248,1.535463,0.01757854,1.469386,0.5906565
2364476178326120448,1.41965,0.006150461,4.784513,0.2392954
2364478652227282944,1.899564,0.01160097,-1.678019,0.3455165
2364481675884259328,1.919039,0.01550639,-1.0266,0.4220098
2364494045390071808,1.637463,0.008695101,-1.838924,0.3278613
2364517959767975936,1.844099,0.02279712,-1.48007,0.6313637
2364519883913324544,1.957811,0.01674161,-2.24178,0.4658324
2364520158791231488,2.010843,0.01326755,-2.490475,0.3717282
2364522907570300928,1.926109,0.01930231,-1.56582,0.5155627
2369054272198305792,1.591365,0.02029503,0.4708524,0.6540714
2370065541642610688,1.89751,0.02278506,-1.923245,0.6014547
2370069664811214848,1.965741,0.01490786,-2.241467,0.4022735
2370077636270516224,1.167375,0.007302512,2.548385,0.3717095
2370082584072841216,1.894563,0.01241943,-1.857254,0.3596845
2372285735765043200,1.88316,0.01464386,-1.680853,0.4163378
2372298929904576512,1.888972,0.01674644,-2.384067,0.4712735
2372299754538297344,1.823793,0.02374001,-1.797494,0.6473903
2372300029416204288,1.862309,0.01392347,-2.898592,0.4188169
2372314872823179264,1.369895,0.02258194,3.317638,0.8269268
2372445714706884608,1.544309,0.02125662,2.930353,0.6987802
2373519657438046208,1.8598,0.0238826,-2.21434,0.6484651
2373522131339208704,1.626534,0.009892253,0.99475,0.3402434
2373533951089207296,1.827595,0.04386154,-2.02658,1.124735
2373542197426415616,1.801015,0.02122268,-1.518352,0.5969555
2374574089005197312,2.005481,0.01334381,-2.535301,0.3693294
2374583984609847296,1.662609,0.04920693,-0.7964917,1.379233
2374587008266823680,2.083482,0.02368384,-2.678819,0.5651799
2374587283144730624,1.922518,0.02736816,-1.87363,0.6861606
2374588107778451456,2.040582,0.01695632,-2.560325,0.434854
2374598828016822272,1.945375,0.02044038,-2.467001,0.52693
2374600477284263936,1.827618,0.02079555,-0.7402452,0.5599914
2374601576795891712,1.286497,0.01069572,1.224023,0.4655721
2374624116784261120,1.054573,0.007029442,-2.913168,0.5049551
2374625766051702784,1.924748,0.01898566,-2.013969,0.5324387
2374631813365655552,1.910704,0.01632915,-2.10514,0.4591618
2374635386778445824,2.053832,0.0113261,-1.976954,0.321493
2374635661656352768,1.670182,0.0133331,0.6418751,0.4296049
2374637585801701376,2.061516,0.01198185,-2.610035,0.3339976
2374643633115654144,1.365993,0.01842125,3.296949,0.7209736
2374651054819141632,1.351651,0.01421137,1.95012,0.5831704
2374652154330769408,1.976058,0.01282785,-2.222472,0.3655942
2374652429208676352,1.868735,0.01295615,-0.1075961,0.3711572
2375737647168514048,1.608462,0.02982648,0.4404376,0.9402862
2375743419604559872,1.994487,0.0137405,-2.763724,0.4137996
2375745893505722368,1.898578,0.01640749,-1.743206,0.4603245
2375778878854555648,1.483376,0.009109665,2.175412,0.3440532
2375783551778973696,1.863942,0.01279507,-1.900964,0.3791218
2376778609802110976,1.8893,0.01908169,-2.558619,0.5248294
2376782458092808192,1.775185,0.03371146,-0.0190168,0.8860599
2376791803941644288,1.527499,0.02795005,0.6162667,0.9135484
2376795652232341504,1.743706,0.07610957,0.8495528,1.892973
2376796201988155392,1.851808,0.02626286,-2.739772,0.6727778
2376806097592805376,1.824656,0.01217963,-0.6775758,0.3502873
2376942162156742656,1.547313,0.01841992,1.349105,0.6058543
2376942711912556544,1.866912,0.01754661,-1.853959,0.5043883
2377910008391165952,1.963633,0.0142031,-2.712356,0.3909234
2377912757170235392,1.896626,0.01879097,-1.89612,0.5019968
2377926501065582592,1.880194,0.0118219,-1.758216,0.3429503
2377944368129533952,1.540361,0.02638748,-0.5212333,0.8603315
2377946292274882560,1.867251,0.01123095,-1.509533,0.3336439
2377946567152789504,1.604883,0.01326862,2.425756,0.4149221
2377947116908603392,1.17904,0.005230024,3.024924,0.2629987
2377999068833015808,1.772792,0.02624171,-1.512096,0.7463845
2378005391024875520,1.995154,0.01653405,-2.031388,0.4313705
2378006490536503296,1.962693,0.01404003,-2.117894,0.3897761
2378009789071386624,1.978806,0.01102787,-2.306513,0.3253317
2379095280818612224,1.866531,0.01987763,-1.419587,0.5580673
2379097204963960832,1.502163,0.01399824,2.118938,0.4790098
2379138161772095488,1.770557,0.01955076,-1.442068,0.5794002
2379138986405816320,1.280228,0.01650745,3.389816,0.6915521
2379141460306978816,1.768782,0.01056182,-0.8375767,0.3406844
2381278912035448832,1.914026,0.01372859,-2.268371,0.3914045
2381284409593587712,1.563056,0.03512421,2.44745,1.02303
2381284959349401600,1.835862,0.02893241,-1.175433,0.7573611
2381285234227308544,1.912651,0.02005139,-1.934005,0.5285687
2381297328855214080,1.661703,0.01525611,-0.01364212,0.4798175
2381303925924980736,1.931147,0.01085218,-2.107638,0.3190977
2381338010785441792,1.666735,0.02753148,0.267195,0.7973709
2382416087288408064,1.884631,0.01466453,-1.491349,0.3962877
2382416911922128896,2.052193,0.01850745,-2.518539,0.4485583
2382454570195380224,1.601556,0.03206833,0.5524196,0.950992
2382454845073287168,1.369875,0.03315011,3.688859,1.157627
2382467489457006592,1.992995,0.01675643,-2.056849,0.420093
2382474636282587136,1.207694,0.01492535,0.7542203,0.7082023
2382475460916307968,2.037573,0.01524147,-2.319269,0.3843205
2384767117456074752,1.334563,0.009588703,2.247369,0.4041183
2384769041601423360,1.397346,0.01960568,-1.750673,0.8118675
2384779212083980288,1.911458,0.01187057,-2.219462,0.3426858
2384782510618863616,1.748709,0.02665118,-2.775118,0.7858016
2385836392044324864,1.565904,0.01791811,-0.5528584,0.5961281
2385842714236184576,1.974285,0.01690704,-1.94981,0.4445937
2385845188137347072,1.982587,0.01103714,-2.453898,0.3173135
2385846012771067904,1.758576,0.01397144,-1.212036,0.4181134
2385847387160602624,1.860281,0.01836745,-2.021796,0.5005981
2385887244457109504,1.887996,0.022566,-1.995867,0.6104907
2385890268114085888,2.016329,0.01508171,-2.814865,0.4133271
2390294636833826816,1.962284,0.02254296,-3.055454,0.583185
2390295736345454592,1.556614,0.08615132,0.6657194,2.550462
2390296286101268480,1.307259,0.02658307,1.474083,1.062006
2390447743827994624,1.909225,0.01167987,-2.215297,0.3521078
2391554951651289088,1.755317,0.01448109,-1.470557,0.4489615
2391557150674544640,1.952496,0.01006444,-1.92115,0.3051984
2391568420668729344,1.839778,0.01623736,-1.493794,0.4664572
2393673985838573568,1.465472,0.03876821,3.027943,1.203904
2393827092832741376,1.39438,0.05181392,2.137956,1.887625
2393831216001345536,1.233722,0.02199956,2.632584,0.9849066
2393834514536228864,1.41015,0.02420624,2.97848,0.8728909
2393835064292042752,1.904608,0.01580426,-0.7569352,0.4244038
2393838362826926080,1.778867,0.03213952,-1.156048,0.8660619
2394805934149888000,1.7291,0.02655215,-1.537751,0.7771629
2394884824109180928,2.010771,0.01605043,-2.087367,0.4249442
2394886748254529536,1.289968,0.04669692,6.316823,1.857464
2394887572888250368,1.924299,0.01998884,-3.410039,0.5559388
2394953543585916928,1.453435,0.01102011,3.660044,0.4092552
2394961515045218304,1.815286,0.01501606,-1.543723,0.4559548
2396004125956401152,1.240598,0.02259075,0.8063511,1.05652
2396008524002912256,1.353103,0.007505788,7.076618,0.2832969
2398167141565097984,1.337197,0.02696713,1.499881,1.085348
2398185558384863232,1.708332,0.02926295,-2.272226,0.851764
2398187207652304896,1.96822,0.02521569,-2.359473,0.6084096
2398255377373227008,1.436406,0.04556385,0.978359,1.644669
2399387598431741952,1.478865,0.007668316,3.436511,0.293253
2399389522577090560,1.251182,0.01094755,2.806326,0.4934039
2399416735489878016,1.550076,0.01304022,-0.2691489,0.4699698
2399417835001505792,1.643092,0.01190094,0.3609653,0.3948718
2399418384757319680,1.47603,0.01416898,1.504748,0.5164323
2399432678408480768,1.891588,0.0136801,-2.303893,0.4154032
2399439000600340480,1.703774,0.02841488,-0.8365036,0.8274918
2399439275478247424,1.852296,0.01338605,-2.829235,0.398403
2399439825234061312,1.696032,0.02084875,0.1331281,0.6234829
2400567918694787072,1.263226,0.05531799,1.789791,2.228748
2400568193572694016,1.868583,0.01570186,-2.183487,0.4505287
2400568468450600960,1.704485,0.01930235,-1.476718,0.5859389
2400569567962228736,1.847879,0.02578947,-2.359505,0.7019171
2400572041863391232,1.428217,0.03576878,0.1058355,1.302099
2403798289460783104,1.205338,0.01170744,4.586072,0.520754
2403811758478223360,1.894559,0.02353433,-0.8886518,0.5853653
2403812857989851136,1.357262,0.009380023,2.671892,0.3742596
2404963766199412736,1.516369,0.05906269,2.188467,1.80093
2404970638147086336,1.914595,0.01378827,-2.660627,0.3947676
2404971187902900224,1.850144,0.01552475,-1.942103,0.4590418
2405059698588936192,1.314113,0.02816703,3.714857,1.09232
2408371983810062336,1.188583,0.009794007,3.383809,0.4517389
2418433350709569536,1.902,0.04465782,-3.350313,1.087334
2420742874615277568,1.846906,0.03070725,-2.597418,0.7951641
2420743424371091456,1.785742,0.03175577,-2.875581,0.8829889
2420752220464113664,1.916131,0.02023715,-2.896312,0.5313828
2420752495342020608,1.7724,0.03142002,-1.934296,0.8718049
2420753594853648384,1.98221,0.02010584,-2.879615,0.5195832
2420753869731555328,1.477955,0.04227868,-0.4774623,1.469275
2424118645190846464,1.842671,0.01401549,-1.322947,0.409985
2424120844214102016,1.550115,0.04343461,1.496072,1.313002
2424122768359450624,1.639571,0.07945103,0.6949775,2.096413
2424129915185031168,1.972291,0.01880972,-2.531636,0.4894762
2427491127482411008,1.186036,0.04209032,3.734941,1.984732
2427502672354502656,1.375587,0.01787422,3.464855,0.6460023
2427510094057990144,1.205428,0.01128896,3.525272,0.5030629
2427511468447524864,1.195426,0.03807307,-0.2728268,1.748164
2427603002790537216,1.936233,0.01300177,-2.81119,0.3642304
2430919676310611968,1.917417,0.02693387,-2.749269,0.6740025
2430961457752467456,1.881306,0.02449187,-2.176632,0.6052468
2430976301159442432,1.860253,0.02902175,-2.232784,0.7433838
2430976850915256320,1.994083,0.01556925,-2.236636,0.4065561
2430977125793163264,1.520066,0.02887976,0.9692603,0.9287153
2430986471641999360,1.503928,0.04428824,0.4208319,1.416409
2431994441494456320,1.701936,0.01468162,-1.65722,0.4700076
2431996640517711872,1.965103,0.02037482,-2.763344,0.5348572
2432005986366547968,2.050116,0.01471514,-2.386092,0.3963765
2432006811000268800,1.612823,0.04448151,-1.207426,1.356648
2432007085878175744,1.848966,0.0214605,-1.809279,0.5731378
2432007360756082688,1.947372,0.03982097,-2.631339,0.9627857
2432015881971197952,1.953346,0.01580078,-2.517808,0.4297758
2432087075349096448,1.278601,0.03035686,4.519101,1.310959
2432088449738631168,1.56404,0.04022854,0.7003026,1.290043
2432089824128165888,1.349456,0.06874298,1.166656,2.695084
2432091473395607552,1.974591,0.01386776,-2.113388,0.3837094
2434370216646436864,1.656198,0.01174125,0.0976356,0.4145494
2435471096221296640,1.590562,0.01788898,-0.2377926,0.5980273
2435475494267807744,1.818903,0.02093675,-1.307979,0.5910065
2435485664750364672,1.922704,0.01172982,-1.633216,0.3441603
2435486764261992448,1.551653,0.01312618,0.2585435,0.4656956
2437590956216707072,1.907179,0.01456953,-2.797628,0.4157419
2437593155239962624,1.751693,0.01981266,-2.041709,0.5816556
2437674519100418048,2.026617,0.01437783,-2.111358,0.374995
2437675068856231936,2.03299,0.01696896,-2.377971,0.4304584
2437698708356229120,1.19304,0.01942701,6.199206,0.8224504
2437705580303902720,1.536225,0.008698177,1.019062,0.3191825
2437713551763204096,1.358592,0.01576242,5.017951,0.5661331
2437718499565529088,1.83336,0.0166572,-1.31537,0.4654071
2437718774443436032,1.719083,0.01650179,0.8397219,0.4741309
2438812518919989248,1.928904,0.021035,-1.908994,0.5446571
2438836158419986432,1.936534,0.01951731,-1.023073,0.4984643
2438840006710683648,1.897241,0.01939835,-2.191689,0.519025
2440957935178770432,1.29156,0.00791028,1.39847,0.3624033
2440958759812491264,1.730111,0.05963827,-1.432005,1.591175
2440959584446212096,1.872608,0.01595956,-2.150321,0.4569346
2440959859324119040,1.389905,0.05104729,1.19797,1.890214
2440961233713653760,1.895202,0.02699891,-2.234331,0.7024109
2440962058347374592,1.671201,0.06932331,-2.840757,2.006722
2441100871690381312,1.525366,0.01401151,-0.2247305,0.5098142
2441101971202009088,1.529356,0.03506581,1.592034,1.121266
2441113241196193792,1.439811,0.06489672,1.291804,2.447686
2441113516074100736,1.337697,0.01352978,2.025441,0.562529
2441118463876425728,1.503761,0.01057143,1.609928,0.3901255
2442166018043308032,1.894163,0.02229938,-2.347669,0.6092069
2442169316578191360,1.930359,0.01794932,-2.316693,0.4824555
2443327932307892224,1.743292,0.0174911,-0.3500809,0.4863264
2443347448639285248,1.234326,0.01345408,2.559381,0.5920912
2443348273273006080,1.767873,0.007690589,-0.2559091,0.2440938
2443350197418354688,1.385747,0.05584418,3.623039,1.936008
2445499748606568448,1.061136,0.003771157,-1.76886,0.2429912
2445500023484475392,1.555924,0.03987829,1.321567,1.174189
2445504971286800384,1.370147,0.04342709,6.24408,1.435757
2445547302484469760,1.98277,0.01208034,-2.235231,0.3152012
2445548127118190592,1.245492,0.01628525,3.161805,0.7129602
2445565994182141952,1.262091,0.03369717,3.133875,1.41591
2446690788604667904,2.005723,0.01151765,-2.443999,0.3076247
2446692987627923456,1.462835,0.03849741,2.721066,1.263522
2446704532500015104,1.38454,0.02261832,3.296469,0.8159662
2446749612476753920,1.329685,0.00675078,2.259984,0.291373
2446750162232567808,2.04906,0.01596298,-2.520017,0.3889385
2472477079350831104,1.913124,0.02075639,-1.998748,0.5315462
2472479553251993600,1.880048,0.02221336,-2.672857,0.5904966
2472490548368271360,1.420016,0.04212609,1.438175,1.450312
2472496320804317184,1.151278,0.02447707,3.586848,1.148193
2472532879565940736,1.959756,0.01341516,-2.063862,0.367815
2472540576147335168,1.902689,0.02533496,-2.156219,0.6356376
2472549097362450432,1.403042,0.02201248,2.370282,0.7765585
2472549372240357376,1.34687,0.02133371,0.9955361,0.8292033
2472552670775240704,1.585839,0.04685394,0.3197781,1.402029
2472560917112449024,1.302619,0.01045193,2.062403,0.4378944
2472589229536864256,1.764402,0.0181143,-0.5554695,0.5289406
2472601049286862848,1.869299,0.02801002,-3.799425,0.7902551
2472605447333373952,1.969661,0.01317232,-2.565219,0.3692872
2472610670013605888,1.938541,0.01592288,-2.043545,0.4386899
2472611769525233664,2.020362,0.01265181,-2.762664,0.3510484
2472613143914768384,1.945342,0.01543802,-2.772346,0.431944
2472613418792675328,1.897496,0.01572008,-1.858866,0.4396748
2472619466106628096,2.085996,0.02393756,-3.342039,0.5808019
2472622764641511424,1.973697,0.01354387,-3.062408,0.380611
2472631010978719744,1.906322,0.02506691,-1.942193,0.6457727
2472640081949648896,1.439442,0.05188097,-0.5509319,1.982629
2472651901699647488,1.946437,0.01793857,-2.657597,0.4918566
2473632116668131328,1.889848,0.02647001,-2.689084,0.667828
2473642287150688256,1.952035,0.01596442,-2.82382,0.4217097
2473647234953013248,1.413562,0.03365558,2.595416,1.133125
2473649433976268800,1.86273,0.02312374,-0.3560262,0.5651244
2473649708854175744,1.868102,0.01797902,-1.939201,0.4857337
2473651083243710464,1.850783,0.02209484,-1.943468,0.5827262
2473656305923942400,1.690324,0.03647405,-1.587485,0.9873214
2473656855679756288,1.655943,0.05583355,-0.9190795,1.506544
2473668675429754880,1.970817,0.01884904,-2.30133,0.4722373
2473676097133242368,1.899883,0.02368428,-1.218581,0.5874141
2473679120790218752,2.08485,0.02833763,-2.403772,0.6168042
2473680220301846528,1.930344,0.07945107,-2.337976,1.661388
2473681594691381248,1.746603,0.03656107,-0.4772579,0.953689
2473681869569288192,1.184428,0.01355387,2.927255,0.6088749
2473690665662310400,1.959699,0.01694655,-2.066984,0.4408277
2473691215418124288,1.922762,0.02073804,-1.670264,0.5320655
2473729698325096448,1.956917,0.01350045,-2.255785,0.3754386
2473741243197188096,1.574853,0.07958476,2.545892,2.348614
2474875120653461504,1.750524,0.0254796,-0.5451826,0.6974769
2474884191624390656,1.517818,0.03110515,0.8522645,1.011206
2475862750899759104,1.917987,0.01043964,-2.363333,0.3057578
2475863300655572992,1.76652,0.01934622,-1.384281,0.5435079
2475864400167200768,1.827344,0.01846558,-1.402174,0.4953964
2475870172603246592,1.884015,0.01500641,-1.974994,0.4228685
2475875120405571584,1.744563,0.0390433,-1.792448,1.007214
2475875395283478528,2.037493,0.0240417,-1.706149,0.5168298
2475879518452082688,2.018464,0.01068095,-2.92999,0.2999918
2475884466254407680,1.802369,0.01650168,-1.771033,0.4616836
2475887489911384064,1.931197,0.01030178,-2.12113,0.2933983
2475889139178825728,1.82501,0.02052441,-1.646001,0.5387208
2475894911614871552,1.857314,0.01907756,-2.17117,0.509429
2475896560882313216,1.993493,0.01450995,-2.459597,0.3853765
2475912778678822912,1.363974,0.03111474,4.342515,1.072811
2475913603312543744,1.815064,0.01041782,-1.035993,0.3094113
2476003213510207488,1.860817,0.01208299,-1.017498,0.3565838
2476014208626485248,1.12704,0.0165939,4.210977,0.8454468
2476014758382299136,1.789136,0.02098196,-2.074764,0.6094626
2476016132771833856,1.583063,0.009748207,2.2312,0.3366217
2476017232283461632,1.779088,0.008343101,-1.896704,0.283912
2477013944925972480,1.894644,0.04069593,-0.7062685,0.9037761
2477016968582948864,1.647664,0.02211419,-0.3638408,0.6360106
2477035385402714112,1.935542,0.01971988,-2.741572,0.4948268
2477066446606198784,1.874913,0.01648545,-1.961351,0.4332553
2477079365867825152,1.753393,0.02539203,-1.409165,0.7113008
2477081839768987648,1.662803,0.02035278,-1.291554,0.622626
2477089536350382080,2.008223,0.01837526,-2.686141,0.464503
2477095858542241792,1.865678,0.0129578,-1.634051,0.3634428
2477098607321311232,1.994319,0.02877215,-3.578606,0.6949028
2477101081222473728,1.271211,0.005177646,3.215104,0.2380618
2477103830001543168,1.256079,0.03626226,2.601866,1.594816
2478133523127494656,1.490412,0.02715689,0.1130118,0.9044034
2478134347761215488,1.878928,0.01370545,-1.9723,0.3794037
2479294601735727104,1.766521,0.01995566,-0.7270614,0.5394587
2479295701247354880,1.575394,0.0428477,-2.337457,1.361688
2479297075636889600,2.004379,0.01026189,-2.338703,0.2739332
2479340231468279808,1.362398,0.01883449,4.202874,0.7099688
2479341605857814528,1.427912,0.01819679,1.874096,0.6523433
2483761371565549568,1.428199,0.03776404,3.683876,1.234729
2483771816926013440,2.094304,0.01365929,-2.660712,0.3621923
2483773741071362048,1.79222,0.0297844,-1.294731,0.7956461
2483774565705082880,1.90085,0.02377713,-1.630587,0.5991408
2483805901786474496,1.503026,0.02546152,0.7299553,0.8427666
2484943342589208576,1.267287,0.02897844,4.535541,1.15725
2486026092066924544,1.995943,0.01939225,-1.347245,0.4901303
2486069247898314752,1.421621,0.02268407,1.710412,0.8405269
2486151711270397952,1.982243,0.00890428,-0.7856341,0.2592999
2487202569961629696,1.573314,0.03044445,1.604686,0.9095163
2487205593618606080,1.816128,0.02704233,-1.823679,0.7034455
2489371354617374720,1.99725,0.01552491,-2.310053,0.4107709
2489372179251095552,1.956766,0.01742648,-2.892448,0.4597236
2489373003884816384,1.542373,0.0573801,3.464283,1.618817
2489385098512721920,1.399667,0.05178205,1.121784,1.791942
2489394719239464960,1.992765,0.02356844,-2.957492,0.5838873
2489395268995278848,1.550656,0.01779334,1.033127,0.5818109
2489397742896441344,1.240472,0.02868031,4.547441,1.170442
2489504395524335616,1.912913,0.01130327,-1.877958,0.3409062
2489505495035963392,1.760897,0.02125046,-0.7290699,0.6136403
2489508518692939776,1.385499,0.04018086,0.0,-1.0
2489509343326660608,1.382758,0.01323149,2.347299,0.5204566
2489510167960381440,1.698945,0.02554393,-0.9107405,0.7480745
2489536006483634176,1.753289,0.03276889,-1.010527,0.9171723
2489538205506889728,1.945437,0.01364191,-2.182628,0.3879276
2489540404530145280,1.706662,0.01248624,-0.5623744,0.4056823
2490497254574548992,1.392594,0.02569937,2.93023,0.9294841
2490510448714082304,1.452193,0.06888564,4.545753,2.114656
2490512097981523968,1.965864,0.04076959,-2.340193,0.905934
2490512647737337856,2.046871,0.01916258,-2.89378,0.4565476
2490640191086159872,1.409652,0.02446262,2.608093,0.8728517
2490644314254764032,1.507471,0.01586178,0.1426916,0.5678536
2490652010836158464,1.795718,0.03185188,-1.02226,0.8591153
2490655309371041792,1.611672,0.02741095,3.034687,0.787204
2490659157661739008,1.942418,0.01409893,-2.211261,0.4005372
2490659707417552896,1.723945,0.0270913,-1.208789,0.7849795
2490664380341970944,1.950827,0.01703755,-2.454337,0.4647996
2491626178188699648,1.653984,0.03454481,0.02760464,0.9885128
2491628926967769088,1.596664,0.03842397,-0.9141268,1.138851
2491629201845676032,1.790256,0.02615791,0.1344386,0.661053
2491630851113117696,1.231886,0.02005097,3.690559,0.8393689
2491631675746838528,1.952522,0.01051279,-2.559423,0.3072402
2491633325014280192,1.777709,0.01614713,-0.8335841,0.4642099
2491640471839860736,1.959043,0.01550945,-2.701739,0.4215902
2491641021595674624,1.907145,0.01951969,-2.252607,0.5064579
2491661362560788480,1.878981,0.01380711,-1.905087,0.3888898
2491666310363113472,1.949669,0.01057586,-2.492224,0.3107159
2491666860118927360,1.815756,0.03744598,-2.357149,0.9737084
2491670708409624576,1.534598,0.032375,-1.375427,1.077798
2491682253281716224,1.825295,0.02034297,-1.334521,0.5458072
2491691874008459264,1.176885,0.02012211,3.503582,0.9123045
2491692423764273152,1.736161,0.01062733,-0.5848922,0.3388776
2491697371566598144,1.772388,0.02980359,-0.8966627,0.7943098
2491704518392178688,1.209421,0.02555701,3.497206,1.053485
2491785332496820224,1.305719,0.01090224,3.117595,0.4658188
2492775167873280000,1.744637,0.02825253,-0.8199476,0.7943804
2492805404443043840,1.495727,0.03796398,0.4083002,1.238226
2492815300047693824,1.922202,0.02104784,-2.420831,0.5602286
2492818598582577152,1.83707,0.01102194,-0.845795,0.333336
2492822721751181312,1.299509,0.0255286,3.129116,1.019716
2492822996629088256,1.219711,0.03197666,2.5398,1.418114
2492823271506995200,1.510621,0.02225863,1.780934,0.7311482
2492836465646528512,1.887469,0.01330429,-1.478994,0.3864698
2492837015402342400,1.428739,0.01870164,2.285432,0.632923
2492840588815132672,1.753911,0.03139171,-1.347856,0.8822106
2492841963204667392,2.012054,0.01174552,-2.455839,0.3361022
2492842512960481280,1.933157,0.02582333,-1.986851,0.6608227
2492858730756990976,1.528683,0.01590487,0.6936086,0.5572488
2492859005634897920,1.992324,0.01665471,-2.816662,0.4496051
2492871100262803456,1.327593,0.01539364,2.53852,0.6357151
2492905185123264512,1.479771,0.01603946,0.9715208,0.5960626
2493890897280788480,1.445022,0.01111187,-1.079971,0.4183098
2493893920937764864,1.815242,0.01315059,-1.189482,0.3905346
2493895845083113472,1.928783,0.02018662,-2.105851,0.5214776
2493925257019156480,1.927202,0.01827418,-2.281862,0.4819404
2493926081652877312,1.897954,0.01121053,-1.619013,0.328912
2493939275792410624,1.821858,0.02650921,-1.169897,0.6992995
2493939825548224512,1.573907,0.03355495,0.130936,1.016647
2493949721152874496,1.920115,0.02319947,-3.613981,0.6109363
2493997000152868864,1.916136,0.01215803,-2.756101,0.3641782
2494001123321473024,1.700264,0.02420495,0.5937608,0.7041283
2494004421856356352,1.487741,0.0184746,2.366977,0.6420224
2495080019139782656,1.717622,0.02024145,-0.03299085,0.5901951
2495081668407224320,1.963861,0.01859363,-1.612519,0.4804824
2496125379803113472,1.356324,0.007519949,1.101997,0.3220346
2497404112195315712,1.480295,0.01408274,1.289693,0.5120934
2497405486584850432,1.96086,0.008979607,-2.237828,0.2700934
2498462941892864000,1.784772,0.009515324,-1.486986,0.3147914
2500655917431810048,1.469953,0.01235958,0.03408843,0.4737259
2500668012059715584,1.967853,0.01460382,-2.359488,0.4009691
2500669661327157248,1.907834,0.0141297,-2.083431,0.407294
2500675158885296128,1.986638,0.01708275,-3.555633,0.465799
2500683130344597504,2.022712,0.01110465,-2.518402,0.3200138
2500727385687615488,1.712646,0.02509853,0.2595249,0.7564407
2500730409344591872,1.451865,0.0332358,3.053885,1.163926
2500741679338776576,1.43115,0.02874883,2.129208,1.059003
2500741954216683520,1.936937,0.0117028,-2.084829,0.3503905
2506341767389931520,1.950207,0.01697797,-2.672723,0.4698592
2506353037384116224,1.956937,0.01156717,-2.090063,0.3399588
2506353862017837056,1.799538,0.02240505,-0.4241922,0.6344604
2506354136895744000,1.763947,0.02533275,-1.261507,0.7343394
2506357160552720384,1.955407,0.01195059,-2.302084,0.3495659
2506367605913184256,1.646793,0.02649466,1.003174,0.781001
2510918209327097856,1.734778,0.02048029,-1.123923,0.6179709
2510927555175933952,1.946584,0.01545623,-1.648311,0.4306679
2510928654687561728,1.835582,0.02937874,-2.236845,0.8164254
2510930303955003392,1.564511,0.0210716,-0.6535003,0.7259907
2512021569530783744,1.722678,0.02654918,-1.201451,0.8052239
2512025142943574016,1.869401,0.01469121,-1.594203,0.4254787
2512033114402875392,1.979948,0.009547929,-1.901545,0.2874303
2513027073098934272,1.857831,0.01537315,-2.297398,0.4438524
2513027622854748160,1.179513,0.03191277,5.116189,1.370466
2513028722366375936,1.102511,0.01898315,2.558832,0.9682437
2513139223284967424,2.010177,0.01173762,-2.575387,0.3333279
2514252479110080512,1.896545,0.01396412,-2.31547,0.4067926
2515345118421084160,1.445729,0.05123887,3.981838,1.643184
2516398176085239808,1.546961,0.02641765,1.427116,0.8457415
2516406422422448128,1.649009,0.03181923,-3.037338,1.013725
2516414943637563392,1.847779,0.03153094,-0.7609928,0.7868363
2516415218515470336,1.978749,0.01938726,-2.550955,0.4998873
2517546888878647296,1.987392,0.01302686,-1.842517,0.3566219
2517575201303062528,2.09291,0.01543668,-1.910636,0.3803186
2517575751058876416,1.905426,0.01706281,-1.33701,0.4530988
2517576850570504192,2.025302,0.01336719,-2.531477,0.3651103
2517578224960038912,1.802047,0.02573097,-0.5469385,0.6712095
2517590594465851392,2.074972,0.009434717,-2.242823,0.2680766
2517592793489106944,2.065861,0.02137548,-2.646966,0.5241154
2522057911786563584,1.870002,0.01364365,-2.195174,0.3915884
2522059011298191360,1.939378,0.01021786,-2.037045,0.2946587
2522170336850503680,1.860229,0.009969273,-1.399375,0.3017459
2522181606844688384,1.720038,0.01698845,-0.4600228,0.5168336
2522187929036548096,1.874602,0.0170073,-1.95641,0.4765149
2522191777327245312,1.907431,0.01383631,-1.923331,0.386451
2523188765300647936,2.021819,0.01320513,-2.784823,0.3528276
2523195087492507648,1.940752,0.019979,-1.792199,0.4948988
2523256660143663104,1.88442,0.00869432,-1.479753,0.2761285
2523257209899476992,1.920971,0.01297783,-2.524078,0.3677804
2523265456236685312,1.919607,0.008998112,-1.925259,0.2776658
2523267655259940864,1.835824,0.012502,-1.850507,0.3779231
2523279200132032512,1.828919,0.009275451,-1.266489,0.2988577
2523287446469240832,2.032017,0.0139219,-2.842844,0.386185
2523290745004124160,2.04528,0.009202142,-2.545047,0.2750191
2523294593294821376,1.86737,0.01054193,-1.720212,0.3238537
2523297616951797760,1.114277,0.006849376,2.837579,0.3801928
2523301465242494976,1.829589,0.01779887,-2.038523,0.5258002
2523302564754122752,1.989865,0.007833007,-2.413174,0.2505318
2523303664265750528,1.785557,0.01791376,-0.6952819,0.5209876
2523304488899471360,1.913856,0.0108283,-2.419322,0.3300093
2524358095648352256,1.988819,0.0185361,-1.584844,0.4845669
2524359195159980032,2.006555,0.01094939,-2.60312,0.3202838
2524374038566955008,1.795247,0.02041613,-1.712996,0.595926
2524387782462302208,1.172042,0.005639925,3.623716,0.2891321
2525494160014731264,1.351729,0.02447197,1.683119,0.9796571
2525505430008915968,1.903725,0.01473815,-1.6695,0.4167826
2525505979764729856,1.543015,0.0105279,0.2962066,0.3894645
2525516700003100672,1.232379,0.008782739,3.726817,0.4095501
2527815236006733824,2.009043,0.01131896,-2.376719,0.3323857
2527815510884640768,1.836262,0.03013159,-1.569019,0.8151129
2528860314410182656,1.844098,0.01090064,-1.706931,0.3240634
2528861963677624320,1.771036,0.01981066,-0.5565601,0.5688871
2549063564266596352,1.39984,0.04833392,2.70071,1.735082
2549064114022410240,1.814973,0.02053941,-1.3156,0.5748265
2549072910115432448,1.57574,0.01190011,0.2760455,0.4177804
2550171871853176832,1.949663,0.02352289,-2.153527,0.5660573
2550268353998514176,1.464985,0.04178045,0.7829493,1.45534
2550270003265955840,1.567054,0.02038466,0.4362944,0.6808211
2550270553021769728,1.975981,0.01118596,-2.673378,0.3199694
2552476174001399808,1.925892,0.02194401,-2.754661,0.5620475
2552481121803724800,1.765625,0.01865876,-0.8725664,0.5178239
2553596575830009856,1.656807,0.02475696,-0.2818156,0.7061298
2553596850707916800,1.865322,0.01532333,-1.578071,0.4123378
2553609220213729280,1.941701,0.01925992,-2.223835,0.4932167
2553652376045119488,1.773877,0.02147817,-0.7112063,0.5941844
2553655674580002816,1.969045,0.00878844,-1.976731,0.2632769
2554815659833845760,1.395131,0.01567245,3.163796,0.6106445
2558177691547232256,1.095701,0.01168621,4.375702,0.6152969
2558178791058860032,1.92469,0.01442567,-2.544219,0.4202586
2558187587151882240,1.85085,0.020337,-1.319881,0.5636115
2560379188922050560,1.868586,0.01351737,-1.848209,0.3603741
2560382487456933888,1.967626,0.03173109,-2.388399,0.7129846
2569326738949564416,1.588107,0.04411331,-1.752408,1.267562
2569328663094913024,1.458904,0.02565639,1.045676,0.8709314
2569329487728633856,1.847167,0.01597978,-2.027543,0.4409363
2569337734065842176,1.112638,0.01125489,2.35246,0.5847533
2569370719414675456,1.22783,0.01823793,2.054961,0.7879956
2569374017949558784,1.260185,0.01802946,1.979704,0.760616
2569381439653046272,1.95494,0.01287286,-2.176183,0.345933
2570540050802567168,1.6742,0.01010638,-0.8253289,0.3544114
2571682992787318784,1.952405,0.01179734,-1.93303,0.3436112
2571683817421039616,1.910035,0.01604282,-2.341144,0.4592868
2571684367176853504,1.76074,0.03153037,-0.6536171,0.865073
2571690964246620160,1.683482,0.02724259,-2.218962,0.8400173
2571691514002434048,1.460201,0.02948589,2.62204,1.017602
2572688770914609152,1.584543,0.04057999,1.117981,1.188144
2572844351809939456,1.796909,0.01599164,-1.137921,0.4684508
2572854522292496384,1.854183,0.01218348,-1.639968,0.3600134
2572855346926217216,1.818005,0.01024599,-2.601415,0.3310903
2573842708367960064,1.893392,0.01405116,-0.9443886,0.3886923
2573851504460982272,1.777154,0.01933199,-1.210878,0.5535052
2573854528117958656,1.752885,0.02158898,-1.439373,0.6339864
2573864148844701696,1.754773,0.02274497,-0.2584317,0.6381003
2573865798112143360,1.394062,0.02927458,2.603026,1.061211
2574983451765663744,1.815123,0.01957445,-2.079868,0.5431074
2574984001521477632,1.146532,0.008416275,2.665544,0.4338275
2574984551277291520,1.290937,0.02732361,1.262059,1.137697
2574986200544733184,1.665856,0.02081766,0.5102881,0.6130223
2574998020294731776,1.881558,0.02124783,-2.461882,0.570025
2575083782201698304,1.884635,0.009866133,-1.617269,0.2985817
2575085706347046912,1.274,0.009138281,2.560067,0.4068587
2575087080736581632,1.214119,0.009637888,3.771409,0.4430361
2576089835240450048,1.830167,0.01859911,-0.7113603,0.5073423
2576097806699751424,2.020869,0.0133177,-2.596294,0.3589306
2576105778159052800,1.830784,0.02765056,-1.817974,0.7253317
2576106602792773632,1.972442,0.01097513,-2.035343,0.3133504
2576107977182308352,1.220233,0.01488848,2.905913,0.6709801
2576111825473005568,1.850652,0.02169374,-0.8994191,0.5707318
2576112924984633344,2.032545,0.01521001,-2.553723,0.4035171
2578350706494826496,1.671059,0.01739453,-1.039891,0.5112427
2578353455273895936,1.852173,0.01400738,-2.049528,0.3877326
2578354554785523712,1.156391,0.02300726,4.610438,1.020171
2578355104541337600,1.319477,0.02420655,1.855381,0.9150754
2578447738395977728,1.881736,0.01270738,-1.686903,0.3601841
2578449662541326336,1.958742,0.01064722,-2.262414,0.3029845
2578450487175047168,1.812683,0.06048925,-1.305292,1.592467
2578451036930861056,1.194729,0.006395249,3.811303,0.3071553
2578452686198302720,1.86427,0.07041779,-2.767818,1.81762
2578452961076209664,1.889377,0.01348019,-2.006684,0.375935
2578457634000627712,1.575118,0.01963912,1.126099,0.6324929
2578460932535511040,1.811816,0.01564849,-1.169056,0.4400045
2578462581802952704,1.680432,0.03100736,-0.7415869,0.9268451
2578464231070394368,1.424701,0.0310064,1.886176,1.150416
2579467260334729216,1.659494,0.02022452,-0.4001901,0.6105167
2579468084968450048,1.795298,0.03647007,-1.071628,0.9795484
2579468909602170880,1.766125,0.01707825,-0.7125596,0.4884561
2579469184480077824,1.559285,0.04386205,1.356948,1.325214
2579480179596355584,1.902224,0.01352979,-2.327951,0.3848107
2581864195951716352,1.963855,0.01207248,-1.371266,0.3237602
2582902698005260288,2.016736,0.02908961,-2.314329,0.7387506
2582902972883167232,2.027406,0.014676,-2.602044,0.4025472
2583975533222062080,1.920775,0.03333053,-1.483251,0.7792574
2583986528338339840,1.621461,0.03715672,-0.1996431,1.07398
2583991476140664832,1.931662,0.01975978,-1.535279,0.501769
2584003845646477312,1.479694,0.02433975,0.8943474,0.8443439
2584004395402291200,1.821216,0.02262283,-2.203558,0.6189198
2585132494349166592,1.340186,0.013679,2.705433,0.5328865
2585133318982887424,1.145122,0.01813287,2.877623,0.8770802
2585148162389862400,1.017726,0.007245778,0.8651386,0.4579297
2641381585064060928,1.801627,0.0170143,-0.9110468,0.484272
2641382409697781760,1.96965,0.01682825,-2.525543,0.4423069
2641498957930326016,1.933354,0.01195541,-1.804291,0.3548444
2644750488691566592,1.217159,0.03139874,4.423357,1.260772
2644751313325287424,1.205958,0.01655376,2.726151,0.7544283
2644755161615984640,1.261017,0.02653912,4.958679,1.026385
2644823606214813696,1.914909,0.01372954,-2.284925,0.3831336
2644825255482255360,1.86614,0.01323072,-1.608652,0.3681918
2644826080115976192,2.014464,0.0137159,-2.33356,0.3604439
2644836800354347008,1.989305,0.01428608,-2.818213,0.3962448
2652664499382806528,1.591663,0.06064392,1.902197,1.745308
2652669722063038464,1.956913,0.024361,-2.053822,0.592104
2652673845231642624,1.981064,0.01742499,-2.484797,0.4499198
2652747237632796672,1.237625,0.03166785,6.597596,1.281891
2652748612022331392,1.251846,0.03015679,4.032456,1.254638
2652753284946749440,1.197733,0.03692677,4.291777,1.686249
2652754659336284160,1.255745,0.05488673,6.577583,2.159413
2652757408115353600,1.191683,0.02704986,3.648963,1.264834
2652757682993260544,1.890985,0.0188187,-1.553552,0.4996882
2662758565093074944,1.346721,0.01307693,2.745312,0.5083827
2663936142079977472,1.280716,0.02610703,2.644607,1.071916
2663945762806720512,1.928168,0.01648182,-2.216911,0.4462349
2663950710609045504,1.255616,0.007835969,2.876142,0.3504511
2663958132312532992,1.340749,0.04469336,5.591493,1.591259
2664006510824155136,1.295282,0.02285041,2.39418,0.9552113
2664008709847410688,1.659126,0.01637597,-1.451907,0.5311091
2664009259603224576,1.463518,0.03562332,2.289305,1.207196
2664012833016014848,1.265139,0.01805156,1.684024,0.8164178
2664015306917177344,1.304477,0.007381755,2.319798,0.3325583
2664052140556707840,1.943004,0.01421611,-1.572213,0.387594
2664052415434614784,1.703833,0.02323155,-0.8298051,0.7027718
2664052965190428672,1.753788,0.03505749,-1.003703,0.9521964
2664053240068335616,1.93169,0.01122427,-2.099181,0.3297539
2664053514946242560,1.196504,0.0148193,3.526581,0.7089865
2665054895530338304,1.653517,0.04075627,2.78882,1.09269
2665055995041966080,1.81853,0.04136125,-0.7291012,1.014955
2665066165524523008,1.700246,0.05449169,-1.958051,1.493675
2665067539914057728,1.989262,0.01921267,-1.810971,0.4750401
2665068364547778560,1.840742,0.02175277,-1.056696,0.5762444
2665069464059406336,1.19004,0.02461831,3.833301,1.122887
2667290202166290432,2.091916,0.01632763,-2.857884,0.4170829
2667307794352334848,1.893886,0.03074025,-1.057197,0.7560084
2667316590445357056,1.401986,0.01025095,2.733451,0.3923017
2667319339224426496,1.969422,0.02430496,-2.669376,0.6114731
2672904309074585600,2.008296,0.01546303,-2.72617,0.4158311
2672906782975748096,1.829898,0.02508193,-1.871072,0.6849993
2673029653400152064,1.539259,0.06267317,2.600017,1.943056
2673033776568756224,1.984611,0.01633664,-2.17124,0.4435026
2673035150958290944,1.977695,0.0123329,-2.767817,0.3608356
2673040373638522880,1.956129,0.01615538,-2.949285,0.4528204
2673052193388521472,1.338092,0.03620677,1.131013,1.467293
2673052743144335360,1.883431,0.0242197,-2.148295,0.6565521
2673053018022242304,1.988719,0.01960313,-2.285216,0.5167882
2673056866312939520,1.831273,0.03615147,-0.3545893,0.9281771
2674019763704850432,1.852228,0.02086971,-1.700918,0.5804587
2674030758821128192,1.723292,0.03108619,-1.648859,0.8962599
2674034057356011520,1.870191,0.0214069,-1.651137,0.5361774
2674045877106010112,1.67608,0.01624982,-1.280807,0.5211729
2674047526373451776,1.516799,0.01291168,0.9297639,0.4635831
2674050824908335104,1.549759,0.03298979,0.8102646,1.036241
2674058796367636480,1.503322,0.01236354,1.16366,0.4497235
2674071990507169792,1.804864,0.01442237,-1.227128,0.4236849
2674085734402516992,1.852223,0.02773523,-0.1197158,0.6802328
2674179742646691840,1.671069,0.03289553,0.9497434,0.9353225
2674181117036226560,1.210949,0.01482299,2.243825,0.7065299
2675200089437267968,1.958992,0.01768266,-2.386999,0.4670503
2675220430402381824,1.981404,0.01551694,-2.433468,0.4256303
2675229226495404032,1.913476,0.03988434,-2.725645,1.001923
2675231150640752640,1.978149,0.01562791,-2.758609,0.4375155
2675274581350049792,1.314742,0.02477665,3.598291,0.9995174
2675277879884933120,1.828432,0.0326197,-3.127513,0.9259053
2675286950855862272,1.52505,0.04854431,0.07434737,1.65819
2675287225733769216,1.384941,0.02962458,3.784957,1.080824
2675287500611676160,1.37633,0.031346,2.865373,1.174945
2675287775489583104,1.71667,0.018288,-1.834841,0.5741467
2722437583270340608,1.441144,0.02444608,0.92409,0.836988
2722446104485455872,1.343617,0.007830782,3.01234,0.3129615
2722446379363362816,1.332985,0.01227896,3.176358,0.4689775
2722448303508711424,1.995162,0.0343199,-2.75579,0.7329918
2722457924235454464,1.424083,0.0151803,3.825986,0.5155189
2723673440128100352,1.608925,0.01254815,-0.9773899,0.4159378
2723687733779261440,1.876017,0.0246707,-0.4501438,0.5958959
2723689657924610048,1.317895,0.0158187,2.579395,0.6329195
2723694055971121152,1.623383,0.01442415,-0.02986197,0.4474205
2723696804750190592,1.880417,0.01724774,-1.685463,0.4549204
2728200129667426304,1.835145,0.01653351,-2.273437,0.4692367
2728202603568588800,1.137174,0.008881393,3.808988,0.4447233
2728203153324402688,1.506997,0.01732476,0.6046249,0.5889596
2728203428202309632,1.743591,0.02620104,-0.1015695,0.7138423
2729276556567406592,1.746289,0.02912166,-0.5807132,0.7517288
2739317286216165376,1.993692,0.0155064,-2.487248,0.4188709
2740473697671342080,1.252555,0.02927756,4.535188,1.108593
2740479744985294848,1.671514,0.01007617,0.9047571,0.3091234
2740480569619015680,1.91865,0.01050249,-2.184359,0.3005459
2740488541078317056,1.489102,0.04652677,2.058324,1.451592
2740493214002735104,1.185277,0.008096821,3.018285,0.3813452
2741682060983822336,1.722051,0.01787869,-0.33837,0.5241629
2741682885617543168,1.865692,0.01711837,-1.104768,0.4533187
2741693605855913984,1.928943,0.01214243,-1.624852,0.334117
2741695530001262592,1.7968,0.01772376,-1.698524,0.4921007
2741697729024518144,1.927486,0.008995454,-2.010052,0.2632294
2743847274592364544,1.439961,0.0140397,-2.221687,0.5504308
2743980315499325440,1.862557,0.01488909,-1.801021,0.4406718
2743980865255139328,1.912448,0.01095813,-2.45215,0.3389721
2743984163790022656,1.44407,0.006354006,1.211347,0.2667286
2743989386470254592,1.318785,0.01616157,2.900393,0.6804276
2743991860371417088,1.951011,0.01086194,-2.383693,0.32524
2745089451343505408,1.939571,0.01987708,-1.486724,0.5216967
2745099346948155392,2.046848,0.01020633,-2.349121,0.2958225
2746125736673830912,1.871321,0.02712093,-1.110948,0.6861203
2746126286429644800,2.001766,0.01172824,-2.772016,0.336208
2746149651051735040,1.611564,0.02585415,1.474512,0.7671717
2746151025441269760,2.030237,0.01888125,-2.554251,0.4790061
2746151850074990592,1.990269,0.01392527,-2.286344,0.3802494
2746189783226148864,2.016923,0.01393933,-2.875964,0.3883761
2747286271582824448,1.600692,0.04714772,0.5825073,1.359252
2788880250732308480,1.511123,0.03222018,-0.3762469,1.061383
2788883824145098752,1.937289,0.008456038,-1.744389,0.2522486
2788895918773004288,1.285482,0.01179503,4.202886,0.4773848
2788966287517181952,1.96939,0.01508224,-1.947659,0.4002444
2788976457999738880,1.737722,0.02007154,-1.341935,0.5851759
2788977007755552768,1.970469,0.02057352,-2.272696,0.5309177
2788980306290436096,1.801262,0.01888155,-2.156641,0.5405732
2788980581168343040,1.644099,0.01758623,-2.111004,0.5725964
2790103458072520704,2.002676,0.01030042,-2.683725,0.304947
2790103732950427648,1.561835,0.01270294,1.117529,0.4424631
2791140573707266048,1.620478,0.0167121,-0.84159,0.5464661
2791142222974707712,1.223026,0.01883002,3.464006,0.8319609
2791142772730521600,1.588053,0.01714972,1.155661,0.5486252
2791190326608422912,1.165527,0.01025761,1.500608,0.5088059
2791193625143306240,1.975518,0.01207384,-2.929579,0.3484195
2791204070503770112,1.751096,0.01115254,-1.475539,0.3672647
2791204895137490944,1.261293,0.01828895,3.662613,0.7755336
2791226335614232576,1.912732,0.01284781,-1.836357,0.3692242
2791233207561906176,1.662079,0.01261009,-0.0244323,0.4154434
2791235131707254784,1.456318,0.02550246,0.5103752,0.9106684
2791235406585161728,1.2189,0.01089743,4.157282,0.4969722
2791235681463068672,1.283691,0.008721516,2.31857,0.3933011
2791236231218882560,1.713419,0.02132962,-0.2778632,0.6246856
2791236780974696448,1.327562,0.01889113,3.934391,0.7356104
2795775559571892224,1.94363,0.009478057,-1.521982,0.2858886
2795780782252124160,1.623283,0.01455099,-1.301807,0.5028331
2796778868831184896,1.935559,0.01690969,-2.623366,0.459139
2796876725366056960,1.884016,0.02181523,-2.063729,0.5851308
2796878099755591680,1.879736,0.01145826,-1.787604,0.3475327
2797933906333034496,1.593307,0.03290817,2.83267,0.8987147
2799098284113684480,1.931134,0.01360784,-1.690665,0.3826675
2799099108747405312,1.237917,0.02538923,4.706311,1.062175
2799099933381126144,2.004638,0.01843031,-2.543429,0.4809414
2799101032892753920,1.910376,0.0156392,-2.019083,0.4400986
2799102407282288640,1.789193,0.04056717,-0.9936571,1.085003
2799114501910194176,1.348235,0.0553883,1.785584,2.21574
2799114776788101120,1.744454,0.02508724,-1.643458,0.7330264
2799115876299728896,1.736111,0.03459074,-0.9475145,0.9811494
2799122198491588608,1.759332,0.02853404,-1.179285,0.7986174
2799123298003216384,1.911846,0.02293857,-2.324266,0.6123351
2800206041676015616,1.34749,0.007690976,1.502468,0.3313182
2800206591431829504,1.249254,0.04075449,3.432479,1.678127
2800256344332986368,1.481282,0.01853931,1.367594,0.6699085
2800270912862054400,1.763902,0.01874245,-0.1664368,0.5456926
2800284931635308544,1.382555,0.03209348,1.637413,1.284114
2800288505048098816,1.323431,0.04544786,4.273072,1.895453
2802365757474760704,1.384023,0.04746751,4.893382,1.613571
2802369605765457920,1.947959,0.01649029,-2.391205,0.4445298
2802369880643364864,1.165476,0.009203247,4.493456,0.4392853
2802384174294525952,1.267845,0.04576379,3.632958,1.816474
2802425131102660608,1.277182,0.01754846,2.432953,0.7249973
2802434476951496704,1.198626,0.01630571,3.606183,0.7277856
2802436126218938368,1.907445,0.01195204,-2.619007,0.3502541
2802444647434053632,1.385952,0.02792879,3.619043,0.9694918
2802453718404982784,1.266442,0.02120409,1.91223,0.9217609
2802455642550331392,1.831058,0.02019056,-2.39397,0.5818561
2802457841573586944,1.845827,0.01737618,-1.217045,0.4867738
2802458116451493888,1.722167,0.02282813,-1.530508,0.6902542
2805859461057505280,1.944117,0.01078369,-2.076507,0.3196591
2805861110324946944,2.007387,0.01048205,-2.601802,0.3084317
2805862484714481664,1.958875,0.01013745,-2.157182,0.3038931
2805863584226109440,2.01728,0.0108281,-2.499451,0.3139533
2806877332889954304,1.705246,0.02644595,-0.2532021,0.7210128
2806882555570186240,1.359578,0.01868372,4.536023,0.6715049
2806883929959720960,1.736084,0.01154884,-0.3263717,0.3553564
2806887228494604288,1.770423,0.01463204,-0.6405339,0.4360743
2806894650198091776,1.871632,0.01124454,-1.98178,0.3319666
2806896024587626496,1.952154,0.00787374,-2.598306,0.2507122
2807043908901562368,1.800028,0.02991837,-0.9622315,0.831375
2810252559766284288,1.926037,0.02241303,-2.22401,0.5817853
2810252834644191232,1.487517,0.02750499,1.715607,0.9088165
2810253659277912064,1.387414,0.03298135,4.26219,1.147684
2810254758789539840,1.192197,0.01480642,3.462817,0.6856238
2811416392421632000,1.806996,0.01750208,-1.516209,0.4966543
2811418316566980608,1.534954,0.0344305,0.7239761,1.094503
2811419141200701440,1.821154,0.01045496,-0.5771669,0.3248023
2811424638758840320,1.750269,0.02277808,-0.1135673,0.6309739
2811424913636747264,1.593047,0.025215,0.3057702,0.7903298
2811437008264652800,1.795107,0.01741028,-1.169308,0.5033513
2811448553136744448,2.091169,0.01298472,-2.507955,0.3451111
2814831750818064384,1.286976,0.007938996,3.008459,0.3462738
2814860887876200448,1.366553,0.00730662,2.468558,0.3104397
2814861987387828224,1.815154,0.01965734,-2.339266,0.5669398
2814862262265735168,2.04865,0.01129039,-2.510813,0.3179805
2814872707626199040,1.924623,0.01598373,-2.406767,0.4478118
2814909816143636480,1.520326,0.04176566,1.361529,1.398871
2814910640777357312,1.585552,0.02399898,1.720833,0.7516606
2814912839800612864,1.429194,0.01147456,1.597949,0.4514987
2815961497438545920,1.326656,0.01574241,-3.782679,0.7383465
2816015098630400000,1.696678,0.01380213,-0.3576992,0.4319126
2817125332107159552,1.211996,0.0160044,4.450241,0.7218229
2817125606985066496,2.021397,0.01115961,-2.808982,0.3258916
2817147597217622016,1.494186,0.01406006,1.420229,0.5137419
2817148146973435904,1.85572,0.01200844,-1.10638,0.3660612
2819273502933149696,1.899173,0.01643415,-2.639666,0.4584653
2819368885566859264,1.616502,0.02422132,0.4757283,0.7702719
2819384828485462016,1.955549,0.01572558,-2.559579,0.4378361
2819406268962203648,1.423319,0.02268619,1.177521,0.854865
2819406543840110592,1.545445,0.01577815,-0.5543881,0.570442
2819406818718017536,1.941467,0.01563262,-1.810266,0.4439966
2820456572025595904,1.982595,0.01117078,-2.542027,0.3214896
2820460420316293120,1.163039,0.01230857,2.00391,0.6121861
2820468116897687552,1.382279,0.01192456,2.43473,0.4863257
2820468391775594496,1.861144,0.01061601,-0.3145773,0.3237497
2820468666653501440,1.248506,0.01869923,3.286666,0.8431259
2820471140554663936,1.564866,0.01476996,0.5907326,0.5077966
2820472240066291712,1.480757,0.034133,2.619493,1.158952
2820472514944198656,1.369797,0.05545018,4.790509,2.018871
2821523653479393280,1.807316,0.02625996,-2.669854,0.7077505
2821593747345664000,1.870695,0.03132091,-1.654481,0.7947214
2821631680496822272,1.869608,0.008718371,-1.739422,0.2745346
2821658618531702784,1.601927,0.006422183,-1.6466,0.256891
2821670713159608320,1.95603,0.008602522,-2.209553,0.2628611
2821675660961933312,1.527408,0.01324581,0.842066,0.4688206
2824917571013208064,1.832353,0.03797324,-1.815507,0.9660858
2824918945402742784,1.904499,0.0211339,-2.740228,0.5767023
2824920594670184448,1.994554,0.01723788,-2.715714,0.4553471
2824932689298089984,1.859398,0.01307743,-1.829196,0.3816957
2824934613443438592,1.866327,0.01454945,-2.04102,0.416594
2824941760269019136,1.199813,0.01540638,3.345862,0.6962597
2824942584902739968,1.226228,0.03010084,4.646796,1.25953
2824978319030642688,1.8867,0.008237594,-1.740636,0.2655235
2824982167321339904,1.866558,0.01887383,-2.290627,0.5316346
2824983816588781568,1.173956,0.01005371,-1.513521,0.5615442
2824997560484128768,1.889302,0.01165889,-2.519681,0.3519586
2824999209751570432,2.013441,0.01038694,-2.764832,0.3128386
2825000584141105152,1.903969,0.01178068,-1.969469,0.3487046
2825001683652732928,1.926595,0.01240141,-2.647336,0.3661766
2825018176327149568,1.769679,0.009696742,-2.459013,0.3337171
2830580050896644096,1.776936,0.01786921,-1.331346,0.5000032
2830580875530364928,1.407208,0.0144971,0.87993,0.5439091
2830583624309434368,1.448673,0.04174649,0.1313869,1.405636
2832783478221727744,1.147608,0.01613068,6.437418,0.6845823
2832794473338005504,1.221729,0.01005246,2.622837,0.440157
2832796397483354112,1.826682,0.01178716,-1.372659,0.3296612
2832797222117074944,1.890842,0.03065655,-2.242561,0.722402
2832828008442652672,1.289261,0.01728249,1.202643,0.7280598
2832828283320559616,1.262331,0.02169666,2.239088,0.890921
2832829657710094336,1.617727,0.06434207,-0.05432624,1.795599
2832829932588001280,1.992375,0.02419797,-2.247357,0.5649924
2832907173279852544,1.20381,0.0276441,4.416164,1.199802
2836145515421263872,1.724755,0.01667185,-1.719049,0.5073266
2836153761758472192,1.494474,0.01110789,1.507342,0.3977944
2836171628822423552,1.983762,0.01667156,-2.390533,0.4493774
2836183723450329088,1.803897,0.02323564,-1.419802,0.630643
2836279106084038656,1.593899,0.009004513,2.433533,0.3046382
2836281854863108096,1.729204,0.01900831,-1.091074,0.5709211
2837419024999016448,1.713891,0.009640524,-0.04637556,0.288229
2837420674266458112,1.281891,0.01483771,2.964943,0.6306394
2837438816208316416,1.203982,0.003955519,2.840603,0.1941666
2838406935424821248,1.518725,0.01639868,0.9800548,0.546942
2838418755174819840,1.454837,0.04802481,3.675413,1.507632
2838420404442261504,1.695,0.01919525,-0.1987345,0.5492485
2838432773948073984,1.900198,0.01579284,-2.348747,0.4347471
2838528706337597440,1.848788,0.00889396,-1.224275,0.2787842
2838530080727132160,1.678139,0.01190274,0.6017564,0.387863
2838531180238759936,1.278297,0.02050495,2.509126,0.8644901
2838534753651550208,1.5406,0.01830774,2.082542,0.6056978
2838549322180618240,2.004858,0.009831166,-2.654637,0.287143
2838553720227129344,1.962765,0.01081281,-2.240411,0.3136211
2838553995105036288,1.425974,0.009595512,2.841403,0.3723274
2838555369494571008,1.54264,0.01123938,2.602628,0.3840149
2838557843395733504,1.781452,0.01402994,-1.378184,0.4226476
2838562516320151552,1.307504,0.00594988,3.148195,0.265842
2838563890709686272,1.970838,0.01426042,-2.617544,0.3952416
2839522665385977856,1.171628,0.05427254,7.598371,2.258427
2839524589531326464,1.859907,0.02935023,-1.899456,0.7645501
2839549053665044480,2.089784,0.0109644,-3.326796,0.3072481
2839550702932486144,1.27797,0.009140658,2.967022,0.3959512
2839613924851083264,1.345486,0.02511546,0.0,-1.0
2839664227508054016,1.819377,0.01110491,-0.5173889,0.3378128
2839664777263867904,1.806944,0.03101839,-1.188601,0.8420503
2841776114433550336,1.215155,0.06307013,5.236094,2.605375
2841794256375408640,1.348902,0.01842535,1.920657,0.6887302
2841794531253315584,1.966302,0.0150676,-2.331153,0.4031979
2841865999509121024,1.850871,0.0231041,-1.452991,0.7803221
2841898709980047360,1.541963,0.0117368,0.7279561,0.4174667
2841900359247489024,1.530457,0.02927584,-2.01094,1.050531
2841903382904465408,2.006158,0.01193902,-2.938612,0.3443473
2841907780950976512,1.320615,0.03051761,2.20626,1.233598
2841921249968416768,1.554539,0.02293062,0.0009489308,0.7617583
2841941590933530624,1.349351,0.03354903,5.173046,1.211335
2842919881421121536,1.826626,0.0717066,-2.170849,1.663967
2842922905078097920,1.662422,0.03705075,-0.8216784,1.06023
2842985852118788096,1.377852,0.02266729,2.456305,0.8683284
2842986401874601984,1.946874,0.01856066,-1.985804,0.487731
2842999870892042240,1.932569,0.01565495,-1.942561,0.4214398
2843007567473436672,1.517791,0.04854626,1.974963,1.568194
2843007842351343616,1.96544,0.01496947,-2.080441,0.4029871
2843011965519947776,1.262006,0.006754416,3.087912,0.3082269
2843022410880411648,1.376187,0.02720165,1.048991,1.060119
2843043851357153280,1.801039,0.02766755,-0.6062546,0.7311638
2843044950868781056,1.638579,0.02696097,-0.6842348,0.8239127
2843055945985058816,1.880511,0.01779054,-2.779332,0.5081933
2845242874612705280,1.831769,0.02162262,-0.1691194,0.5693476
2845244798758053888,1.993717,0.00977731,-2.022695,0.2819196
2845247547537123328,1.549101,0.01487064,0.4510065,0.5069352
2845261566310377472,1.96242,0.01118606,-2.389914,0.3230031
2845262116066191360,1.540021,0.04677797,2.169802,1.455172
2845268438258051072,1.446833,0.02830494,2.508791,0.9695823
2845271187037120512,1.315284,0.02140621,3.986893,0.8241874
2845273386060376064,1.542435,0.04159657,2.711588,1.24419
2845275035327817728,1.885188,0.02003872,-2.713615,0.5469251
2845275585083631616,1.904485,0.01151674,-1.886588,0.3336956
2845275859961538560,1.757897,0.01582066,-0.5231311,0.4571687
2845279708252235776,1.726533,0.008317485,0.2508225,0.2694137
2845294001903396864,1.402378,0.01796289,3.459164,0.6484361
2845295376292931584,1.86465,0.01424467,-1.675159,0.4006107
2845305271897581568,1.573939,0.007728412,0.6357652,0.2819508
2845306371409209344,1.406191,0.01572097,1.669906,0.594489
2846347883832174592,1.897219,0.03021934,-1.520981,0.7433228
2846348983343802368,1.412449,0.04062925,1.492136,1.47627
2846349258221709312,1.978229,0.01477676,-2.646216,0.3937389
2846351732122871808,1.979267,0.02290822,-2.306877,0.5602072
2847551574421563392,1.435876,0.02985639,0.4043049,1.056155
2847554598078539776,1.920228,0.01503624,-1.646196,0.4089497
2849669233598556160,1.923035,0.04398581,-1.077592,1.004027
2849689574563670016,1.960102,0.01820832,-1.9264,0.4400805
2849690124319483904,1.953338,0.02081765,-2.067053,0.5016797
2849690674075297792,2.016867,0.01835771,-2.57019,0.4419735
2849728607226456064,1.909014,0.01464741,-1.612806,0.3768303
2849740152098547712,1.976632,0.01908771,-1.965374,0.4605106
2850823721092933632,1.273615,0.02455727,5.385201,0.9363387
2850877597162694656,1.712713,0.01136014,-0.2571419,0.3572565
2850902885930133504,1.256752,0.01204829,3.630382,0.5197968
2850903160808040448,1.992813,0.01452707,-2.518666,0.3846107
2907074728420206592,1.976477,0.01822792,-2.66814,0.4729355
2907075553053927424,1.857726,0.03220822,-3.434167,0.8390837
2907076377687648256,1.433048,0.03942031,-0.124874,1.378744
2907086273292298240,1.496756,0.03148305,0.294294,1.054676
2911616261702051840,1.862369,0.04462074,-1.850593,1.048004
2911617910969493504,1.800627,0.01090899,-0.8633953,0.3286864
2911619835114842112,1.449668,0.01539168,1.395693,0.5405074
2911622858771818496,1.313899,0.04093648,1.099872,1.603757
2911623408527632384,1.225172,0.02086868,2.32953,0.8963897
2911623683405539328,1.925071,0.01704563,-2.604467,0.4598286
2911709995068319744,1.635324,0.01570248,0.07756804,0.5033196
2911723464085760000,1.641141,0.02529924,0.2646546,0.7667813
2911731985300875264,1.335635,0.04072637,1.513231,1.671462
2911733084812503040,1.63931,0.01291472,-0.4170151,0.4321891
2912711374763223040,1.346686,0.02063221,2.947627,0.7722914
2912712199396943872,1.840866,0.01215925,-1.665644,0.3494833
2913873559157762048,1.988564,0.01348623,-2.469285,0.3649015
2913875758181017600,2.014631,0.01684712,-2.150152,0.4318714
2913894175000782848,1.971437,0.02166243,-2.656347,0.5481122
2913909568163571712,1.456118,0.07456098,0.2731842,2.395463
2913920838157756416,1.93505,0.0084682,-1.479339,0.2634839
2914000002994956288,1.283939,0.05323055,4.770859,2.071259
2915011828570417152,1.955705,0.02002943,-2.047444,0.5005829
2915012378326231040,1.637588,0.03865202,-0.5051069,1.087292
2915017051250649088,1.677191,0.03671875,0.5239616,0.9836748
2915022548808787968,1.143763,0.01247009,4.281549,0.5886865
2915035742948321280,1.208101,0.01677891,3.289835,0.7564456
2916115188505667584,1.357368,0.030485,1.35786,1.170522
2916116562895202304,1.904525,0.01769164,-1.503648,0.4771475
2916119586552178688,1.549723,0.02123439,0.3718669,0.6968645
2916119861430085632,1.815924,0.0413378,-0.980858,1.047143
2916121785575434240,1.413911,0.03578882,2.333688,1.278144
2916133880203339776,1.890368,0.02240654,-1.539298,0.579955
2916178960180078592,1.398667,0.02232117,2.606598,0.8394862
2916254826482395136,1.598129,0.01186604,1.911876,0.3941763
2916255101360302080,1.941071,0.01216859,-2.326891,0.361549
2917335920703203328,1.885969,0.009281339,-2.411838,0.2834722
2917336470459017216,1.141183,0.0153274,3.862104,0.7805908
2917337020214831104,1.146533,0.008183426,3.613989,0.4182024
2917338394604365824,1.348665,0.01500654,2.378547,0.6033725
2918439556137117696,1.712581,0.01994047,0.04770591,0.5828959
2918441205404559360,1.964014,0.01137419,-2.269756,0.322602
2918441480282466304,1.873238,0.01225523,-2.057915,0.3572327
2921883227041851392,1.230044,0.0205989,3.933629,0.9252005
2922942056739399680,1.416777,0.008505987,1.868982,0.3467686
2922954426245212160,1.195811,0.007782024,4.230468,0.3694689
2922968170140559360,1.844185,0.007530533,-1.103368,0.2472571
2932989673519212544,1.847697,0.009484624,-1.833994,0.3013248
2933134259298265088,1.305987,0.01117154,4.215619,0.4644521
2934193908093052928,1.071631,0.02193092,3.953418,1.205497
2934203253941889024,1.715828,0.02673928,0.08285285,0.7692152
2934254106354673664,1.878849,0.01271167,-1.325325,0.3711773
2934261528058161152,1.943419,0.01762359,-0.7727921,0.4622226
2936486120327768064,2.048783,0.008625416,-2.950726,0.2494122
2936488319351023616,1.806215,0.007493508,-1.599421,0.247377
2936488869106837504,2.043927,0.00799644,-2.389727,0.234329
2936509484949858304,1.89861,0.01341877,-1.815235,0.3749183
2936510859339393024,1.938829,0.01084468,-1.730683,0.3062815
2937489149843761152,1.841375,0.009087928,-0.706591,0.2686737
2937498220814690304,2.007993,0.008871477,-2.675219,0.2562328
2937500419837945856,1.270924,0.0148673,1.394586,0.6348323
2937510865198409728,1.819092,0.00989202,-1.429762,0.295984
2937533130308872192,1.494479,0.02030678,1.570426,0.6634453
2937561442733287424,1.238218,0.01646768,3.445377,0.7414218
2937572437849565184,1.939054,0.00755317,-2.260107,0.2339214
2937576286140262400,1.216774,0.01048265,3.177689,0.4956157
2937576561018169344,1.926286,0.006542427,-1.782007,0.2070538
2937578485163517952,1.944273,0.007138725,-1.987273,0.2239414
2937578760041424896,1.955188,0.01177169,-2.298081,0.3282609
2937581233942587392,1.773331,0.009850385,-0.8894394,0.3047834
2937582608332122112,1.804032,0.009962642,-0.8269151,0.299521
2937588930523981824,1.971423,0.008431198,-2.232006,0.2500112
2973514919078553600,1.941828,0.01124323,-2.548597,0.32674
2973527563462273024,1.238738,0.02215801,2.329231,0.9469623
2973535260043667456,1.75631,0.02152108,-1.184071,0.5902964
2975757097796397056,1.728295,0.05272917,1.194296,1.320498
2975757372674304000,2.042853,0.01696151,-2.658231,0.4341869
2975766993401047040,1.486255,0.02584897,2.066387,0.8519056
2976895642120513536,1.218546,0.01525448,3.202004,0.6797134
2978085318181283840,1.752369,0.0211712,-0.4166465,0.5983238
2978087517204539392,2.024047,0.01823594,-2.148979,0.4553081
2978087792082446336,2.066882,0.01225487,-2.379847,0.3302976
2988281635134269440,1.939435,0.009929777,-2.369204,0.3085201
2988283284401711104,1.347752,0.01068694,-0.5088497,0.4728079
2988284109035431936,1.921099,0.01777547,-2.640228,0.4986158
2988284933669152768,1.246879,0.0509096,1.128795,2.283053
2988285208547059712,1.301735,0.04482512,0.8921378,1.929866
2989303355525851136,1.775468,0.0554706,-2.333851,1.446003
2989304180159571968,2.016759,0.01820635,-2.848703,0.4605808
2989305279671199744,1.350531,0.03040703,0.8762398,1.231717
2989440244723509248,1.852885,0.02503344,-2.168212,0.7042803
2990431734367021056,1.872671,0.009337359,-2.300607,0.2712216
2990437781680973824,1.90398,0.01022396,-2.42509,0.2856316
2990478188733294592,1.301437,0.05624488,2.522361,2.256105
2990519420419336192,1.953603,0.008116532,-1.982612,0.2369035
2990521894320498688,1.952276,0.01374593,-2.328473,0.3700092
2990524368221661184,1.82203,0.01797283,-2.311792,0.5132951
2990527391878637568,2.064902,0.008201044,-2.515851,0.2306242
2991549663116552192,1.971012,0.01054822,-2.339548,0.2917782
2991550212872366080,1.856535,0.01831345,-1.521425,0.4836303
2991550762628179968,1.843057,0.02473732,-2.902855,0.6443566
2991552686773528576,2.027772,0.009663525,-2.448343,0.2682344
2991553786285156352,1.693814,0.01801455,-0.7390777,0.5333377
2991582648465385472,1.958763,0.01135155,-2.313692,0.3173795
2991676656709560320,1.866557,0.01288588,-1.656375,0.3747962
2991677206465374208,1.872839,0.01156032,-1.648317,0.3421966
2991684628168861696,1.530021,0.04132226,0.697172,1.442138
2992733012505946112,2.073529,0.01196914,-2.577266,0.3390923
2992736860796643328,2.011262,0.01044087,-2.148975,0.3050689
2992745107133851648,2.021348,0.02691712,-1.632313,0.6430873
3001666265040316416,1.818889,0.01148461,-2.223993,0.3441126
3001677260156594176,1.085115,0.006345019,2.853755,0.3490087
3001678359668221952,1.758276,0.01388948,-0.4991936,0.4013695
3001678909424035840,1.834495,0.01355411,-1.638858,0.3861954
3001679734057756672,1.925228,0.01123499,-2.098035,0.3141013
3001714093796124672,1.508791,0.01839194,-0.3057511,0.621379
3001721790377519104,1.507456,0.008004448,1.713318,0.287914
3001723164767053824,1.271692,0.01779777,2.620351,0.7356393
3087382267446716416,1.932478,0.01167368,-2.033256,0.3378993
3087387490126948352,2.010377,0.008387931,-2.747733,0.2551854
3088360283475830784,1.220917,0.01030869,4.165726,0.4527782
3088375951516526592,1.249917,0.03413645,4.257707,1.371488
3088435325144426496,1.905221,0.01723182,-1.692711,0.4757418
3089555177955420160,1.757971,0.01049322,-0.1336173,0.3094561
3089556277467047936,1.475082,0.06639683,2.56216,1.990094
3089578542577510400,1.378556,0.01424203,2.008502,0.5527218
3092868830469318656,1.319089,0.02571458,2.470724,0.9400064
3092877901440247808,1.874187,0.01599318,-1.999878,0.4368646
3092879550707689472,1.216891,0.02740028,6.282316,1.10613
3092886972411176960,1.322054,0.01150064,2.297616,0.4713999
3092888621678618624,1.321077,0.0487779,7.692115,1.756951
3092892195091408896,1.100514,0.00705814,0.9515921,0.4016769
3092896043382106112,1.393154,0.01345372,2.308611,0.5007531
3094070596695255040,1.684298,0.009754185,1.256801,0.3176794
3095116507248617472,1.873271,0.01337977,-2.221889,0.3802048
3095126677731174400,1.978046,0.01598196,-2.939937,0.4137495
3095126952609081344,1.932764,0.01308065,-2.924394,0.3620553
3095128052120709120,1.29744,0.0197368,3.164717,0.7788424
3095128876754429952,1.72559,0.02163487,-1.708956,0.6116536
3095129151632336896,1.49615,0.007992426,-2.146632,0.3247539
3096299581776881664,1.893065,0.01475837,-2.301422,0.4132031
3096301780800137216,1.967783,0.01495598,-3.317325,0.406274
3096306178846648320,1.766403,0.01593443,-0.9066454,0.4748619
3097352639055161344,1.31617,0.02441568,3.040109,0.9736904
3097354013444696064,1.935921,0.01708205,-2.323053,0.4582874
3097354563200509952,1.447075,0.04819607,4.5604,1.547606
3097355937590044672,1.476541,0.01452387,1.667729,0.516813
3097366657828415488,1.822638,0.01049934,-0.9347674,0.3228217
3097413387072595968,2.849095,0.990674,0.0,-1.0
3097426581212129280,1.482818,0.0255962,-0.5670184,0.8934865
3097460391194683392,1.368123,0.03576087,3.667247,1.388707
3097471111433054208,1.945502,0.03160716,-0.4024723,0.739847
3098556334275061760,1.511333,0.03465908,2.362077,1.07373
3103048388610910208,1.53776,0.01508951,0.9677266,0.5136188
3105233118466959360,1.788706,0.03105607,-2.064651,0.8111341
3106438183395551232,1.894875,0.03020955,-1.926908,0.7543346
3106438733151365120,1.999341,0.01500805,-2.221798,0.4001761
3106439557785085952,1.355299,0.01185509,2.090757,0.4769945
3110986037912954880,1.672735,0.01793329,-0.7020612,0.5602283
3110987412302489600,1.847881,0.009889772,-2.217462,0.3156829
3110994009372256256,1.368209,0.006857497,2.188223,0.2946604
3110995658639697920,1.246176,0.01043215,1.81723,0.4904833
3111000881319929856,1.560119,0.01589144,-0.5510067,0.5578082
3111001431075743744,1.480729,0.01852772,-1.000034,0.6923097
3111008303023417344,1.598855,0.02526675,-0.2663953,0.7940782
3111009127657138176,1.565347,0.01116339,-1.187998,0.411024
3112152620219787264,1.779861,0.01853162,-0.6973308,0.5280507
3112153994609321984,2.003778,0.009490374,-2.478676,0.285577
3113127337277810688,1.814791,0.03306776,-0.9842248,0.8508794
3113129536301066240,1.901742,0.02545151,-1.264381,0.6480178
3113139157027809280,1.879428,0.03970751,-1.759664,0.9691223
3117743636712810496,1.279252,0.006630094,5.248187,0.2893703
3117751333294204928,1.406796,0.02241276,2.173423,0.8372273
3117754631829088256,1.586417,0.01417234,2.187285,0.4752997
3117760679143041024,1.914878,0.01649682,-1.589597,0.4922534
3117763977677924352,2.030468,0.01160099,-1.911433,0.3232232
3117765077189552128,1.684719,0.02415362,0.8389978,0.7025065
3117790091079084032,2.022888,0.01109518,-1.713328,0.3177411
3117790640834897920,1.239761,0.007371063,2.252392,0.3581007
3117791740346525696,1.380911,0.01695088,6.296919,0.6233451
3118831328305375232,1.838998,0.02793189,0.06065303,0.7170472
3121113639885498368,1.323042,0.01602228,3.577727,0.6332018
3121126284269217792,1.98144,0.008872312,-2.239095,0.2717865
3121133156216891392,1.776561,0.01472487,-0.4441746,0.4339744
3121134805484333056,1.370048,0.01616721,2.973433,0.6273218
3124539993096218624,1.679262,0.04138691,1.080036,1.143025
3124540817729939456,1.624882,0.0153547,1.454558,0.4884236
3125515535106729984,1.913047,0.03434721,-2.195515,0.8599587
3125519108519520256,2.003514,0.04091743,-0.4485632,0.9066262
3125635381874157568,1.830912,0.03715568,-0.918778,0.9718949
3125638405531133952,1.469661,0.03668845,2.353813,1.262766
3125639779920668672,1.990654,0.01486702,-1.877927,0.4081435
3125640879432296448,1.395071,0.01986207,2.334671,0.7513047
3126679368164730880,1.426216,0.009654605,4.671218,0.3478777
3126680192798451712,1.256475,0.02841818,2.542764,1.192745
3126681567187986432,1.480092,0.01639071,0.6864963,0.5752782
3126690913036822528,1.15728,0.0121887,4.313805,0.5795529
3126713453025191936,1.929675,0.01360833,-2.576053,0.3952174
3126716476682168320,1.463749,0.05355007,2.304002,1.731227
3126744514228676608,1.536366,0.03473231,2.522339,1.080188
3126756608856582144,1.921932,0.02002189,-1.887083,0.5278096
3126759907391465472,1.992474,0.01424896,-2.882754,0.3968828
3126761556658907136,1.868265,0.02638151,-2.358464,0.7042739
3127751666628061184,1.941947,0.0189122,-1.828917,0.4869435
3127758263697827840,1.519041,0.04285127,1.278206,1.314563
3127762386866432000,1.410319,0.03942849,1.15409,1.37348
3128925945063303168,1.906975,0.02422199,-3.457367,0.6482535
3128927594330744832,1.915144,0.01823135,-2.295161,0.4926571
3128928144086558720,1.36542,0.02085824,1.231397,0.8131836
3128940513592371200,1.939829,0.01387358,-2.446594,0.3913324
3129007858679572480,1.263176,0.04331692,3.746578,1.786392
3129009782824921088,1.820142,0.01942897,-1.513961,0.5463072
3129010057702828032,1.603446,0.02945073,-0.3985051,0.910338
3129010607458641920,1.354365,0.008580731,2.302853,0.3601869
3129013356237711360,1.492158,0.04362481,0.05797353,1.404407
3132408099260884992,1.29207,0.03202905,4.072875,1.312768
3132408923894605824,1.868935,0.02291915,-1.36857,0.6264254
3132410023406233600,1.718573,0.02552059,-0.5952159,0.7636368
3132410848039954432,1.757787,0.02424776,-0.4941442,0.6953312
3133526851201296384,1.220215,0.01574892,2.202356,0.7517454
3138049692751915008,1.213172,0.009520659,3.684215,0.4394048
3138051342019356672,1.177237,0.02431717,2.779778,1.162763
3139009291541833728,1.354315,0.02553303,5.10238,0.8496593
3139111546123216896,1.337618,0.02469377,2.128695,0.9855735
3139120342216239104,1.80176,0.0449114,-3.050029,1.203055
3139120617094146048,1.889,0.02057835,-2.207283,0.553508
3139121991483680768,1.616251,0.01436069,1.086991,0.45815
3140212157296175104,1.978757,0.01244059,-2.52305,0.349314
3140214631197337600,1.776567,0.02313246,-1.562222,0.6514738
3140217105098500096,1.873383,0.01441809,-1.134242,0.4021115
3140228375092684800,1.279078,0.02738104,3.869237,1.150437
3140235521918265344,1.943938,0.01829143,-2.301552,0.4940454
3140236346551986176,1.929811,0.02705481,-2.65321,0.7103494
3140236896307800064,1.958398,0.02426746,-1.769902,0.6226611
3141291877714651136,1.658461,0.01715585,-0.7296486,0.5487339
3141292977226278912,1.299233,0.04507593,4.503428,1.7201
3141294901371627520,1.550945,0.05510764,-0.2993765,1.67154
3141297925028603904,1.949078,0.02122604,-2.313953,0.5339808
3141340531104180224,2.027272,0.02032297,-2.011677,0.4959486
3141341630615808000,1.396358,0.04474233,-0.6314278,1.691735
3142482099068495872,1.968522,0.0271026,-3.150604,0.6856086
3142485397603379200,1.959443,0.01756501,-2.296216,0.4794011
3143668472114866176,2.021744,0.0147732,-2.459569,0.392484
3143669296748587008,1.916665,0.01613254,-2.483004,0.4598133
3144751211408812032,1.922216,0.01604682,-1.796995,0.4296851
3245014306164598784,1.921346,0.01631765,-1.860513,0.453614
3245018154455296000,1.404314,0.02964121,4.187697,1.040885
3245019528844830720,1.318416,0.03771481,1.862686,1.594861
3247105577750390784,1.306666,0.007822838,3.258689,0.3307586
3247269130105022464,1.711663,0.01671556,-2.134574,0.5410767
3247270504494557184,1.760475,0.01396086,-1.068236,0.4371361
3248248244723017728,1.479305,0.01582984,3.045819,0.5443733
3248256216182319104,1.07606,0.01829288,-4.083412,1.168943
3248281779827664896,1.805436,0.02283656,-0.2405259,0.6106279
3248393105379977216,2.044127,0.03020832,-2.579562,0.7175352
3248393380257884160,1.397235,0.0301985,4.692837,1.060244
3249415101454772224,1.293889,0.03760319,1.71326,1.551845
3249415926088493056,1.891268,0.01068052,-1.160672,0.3088039
3249485470198949888,2.047159,0.01272244,-2.94657,0.3490736
3249489593367554048,1.867944,0.02511826,-1.607521,0.6564183
3249496190437320704,1.762574,0.01143518,0.3740886,0.3517477
3249498389460576256,1.95113,0.009040536,-2.186324,0.2822753
3249508285065226240,1.900405,0.01399821,-1.989113,0.4067865
3320360265593153536,2.009705,0.02774394,-1.823221,0.6614434
3321521624783546368,1.14607,0.01265104,4.946041,0.6009564
3321534818923079680,1.093621,0.01170527,4.603761,0.6163639
3323756931922814976,1.996367,0.01898335,-2.594733,0.4957833
3340578360735590400,1.740978,0.01464074,-0.2506914,0.4208863
3340579460247218176,1.899096,0.02518549,-1.552006,0.6139137
3340583308537915392,1.962993,0.03704211,-2.031601,0.8416659
3340601725357680640,1.584111,0.02726057,0.6210504,0.821663
3340602275113494528,1.83642,0.02402777,-2.642222,0.6405637
3340688586776274944,1.125299,0.0160157,0.0,-1.0
3340690236043716608,1.902036,0.03153143,-1.754842,0.7935327
3340692160189065216,1.742039,0.02360927,-1.245276,0.6780822
3340703705061156864,1.788119,0.02371771,-0.02025996,0.6376603
3341765283554551808,2.022414,0.03194083,-2.474815,0.6875512
3341840050345240576,2.041815,0.01349077,-2.523381,0.3748941
3344069859993479168,1.727683,0.01084109,0.02437665,0.3302181
3344080030476036096,1.387755,0.01293779,1.429902,0.5045968
